0.3018980534745134
0.37649202774819257
0.9299232730758119
-0.06756277873572449
-1.203326291035291
2.2469668001063585
0.2882173261765778
0.2946014832959442
0.17104291499913055
1.3219444624314172
-1.2538862877657602
1.5671157535925397
-1.8789735403496701
-0.3933696864840127
-0.8394263332329054
1.0235760394652906
0.08052275383760028
0.20604670218631294
-2.3173904077850023
0.43562623005894335
-1.1388660387950058
-1.225793289927808
0.13205341214770533
1.6922708892506542
0.4471471803049055
-1.363531411309622
-0.3264768522184488
0.23322088818689932
0.48587547722315294
0.8595308891967143
-2.2676524895488948
-1.1801968674402112
0.36371180532300174
-1.5478536272463963
0.2571162301500686
0.14780854708584187
0.26017279295102547
-0.9628788788845666
-0.939551729486753
-0.09777237274062045
0.06137257613892289
1.0636538210188649
0.034296750095309234
-0.08350745767835507
1.0282307954909906
0.2527185012266071
0.8474533016612598
-1.3179106496265989
-0.946549987041511
0.17934027526545293
1.8570417173841727
1.057167210874796
1.1405314099728021
-0.49452721121948306
-0.5245275222984637
0.5075978581486439
1.0122935663958852
0.8155315348110496
0.15859744452398294
-0.1617088049410227
0.9387106722878006
0.870290944105705
-1.4559094657244775
-1.29983365332904
-1.2076587942307666
-1.4189798757658703
0.19322104736768175
1.5264699710721241
0.4203313203619212
-0.8591523298447981
-0.259300591315427
0.6618846562104286
0.5238743108051037
0.5311308573972394
0.0655498306359917
0.18699015768227778
-1.3024540230700947
1.4354631891565757
0.028303456704846814
-0.1672024259022934
1.3920821293420946
1.074052223948392
-1.302047125826478
-0.600005022975684
-0.2991268338549493
-0.31323561514543924
-0.053854587951753095
1.6094397658221946
1.7969739644337284
-0.21972419510605762
-1.724585706839765
0.2863627978730234
-1.299579978593256
-2.2177826405147183
0.11744612788431913
0.21052428249911834
0.9523885687489437
-0.8354364072547686
0.18262898989802398
-0.4901082173336498
-0.16057211697642157
-0.6733456433871019
1.475145425288435
-0.5795088312516736
-1.1827407243377135
-0.9544209259581902
-1.3281661971188095
-0.40472284560031746
0.6570957583357074
1.1390957160918347
0.5162619829433528
0.16696201613166178
-1.6758569250941877
-0.007438715887310252
-0.8852678967187454
-0.6692465315444724
1.4919898276612578
1.2513466712055559
-0.3673701851740525
0.07131316058893823
1.0776201023364786
-1.1781033404873518
1.3462257856534734
-2.790012069399347
0.8979952551573012
1.2940734608300224
0.07756101513805733
-0.4419031513444322
1.2916472079538481
-0.5574295769247988
1.0974994061041154
1.8880105880451035
-0.6874475151302444
-0.51206158897468
-2.2712285623167983
1.9294187279877342
1.448238230768997
1.0626703977047707
-1.026122155995189
-2.0699067169056384
0.8189139121485021
-0.6236193603620742
2.6362528419924542
0.980740426975193
2.1977400592434213
-0.5256042368681136
1.0037320265985785
-1.2560366848982638
-0.41977707155511346
-0.9290344077187558
-0.5116293236691121
-0.35192597508275325
-0.891243449126147
2.0322755774476824
-1.0080033828899375
0.2858235396597176
-0.6595929837356873
-0.5602263313743161
-0.09693588676013119
-1.0533796693038768
0.041666910667339685
-0.07135022772716924
-0.39553769507068387
0.6508409218336991
-0.46600954412812867
0.41860080178348574
0.27152830424865976
-0.12613462626198546
0.12553621254536454
-0.0301604860030903
-1.0011921762675997
0.2856360937379768
1.273222736080085
-0.9054572650832526
0.1587912917957145
-0.8563143712366258
-0.07129045018225898
-0.23104007361098688
0.30802698287576624
0.8960922286105149
-0.1871082873263332
2.227820061758858
0.8925279440950369
-0.5220709298551881
-0.3541425310165142
-0.16307872334308365
-1.9659383025019503
0.06049319608877831
-0.15512657412292244
0.22777328903590963
-0.2033270716457773
2.2837568054973474
1.2608926420754074
-0.642275491339639
1.0847557337905052
-2.5955396590013495
0.8999362261630942
-1.6126829000914464
1.060702222535084
1.5707056898708611
-0.6857805662161999
-0.5370538606866192
2.428833573530334
-0.16559469758005435
0.7773097389215697
-1.4694602447324898
-1.7671793957896822
-0.7212366512598166
2.174116944333742
-2.828353510780491
-0.6392769453613152
1.0746387889292202
-1.4694626621824425
-0.7524290971631068
-0.12656915245893663
-1.3232877325309569
-0.7553548256925982
-2.121844546929075
0.31698455674024595
0.8637541764970712
0.28905712135322104
1.628235897319523
-0.13816248964446262
1.3943518607874152
1.4333086487196942
-2.4604276381156205
0.2067261366755217
-0.5386834406253913
0.3839185878686059
1.833999431236722
-0.9510651382424214
-0.3324947303007555
-1.7247080537670092
0.07761643884573703
0.27206685828012006
1.1198348404953369
1.0714901600478275
-0.4970914064210298
-0.349981605016918
-2.443772997117728
0.6380047128056368
-0.7258846137978651
1.2285333935030038
-1.1622721793182815
0.28239868807359864
0.0722039787080857
0.9052819486608608
-0.2946316502958549
0.13424328207986047
-0.9372821216434032
-0.9969436007469556
0.08168275437584592
-0.27687113228254556
-1.018461819924339
0.27239468158342406
-0.4892468148897481
1.4424889638031342
-1.6378886766012126
0.16633560437795292
0.4745903268161233
1.1204177003437659
1.1975011745537218
-2.148781727070605
-0.9724614512370241
-0.4409340852773361
-0.896301022442477
0.8422620281335553
1.6085837508182315
-0.13668534537709395
-0.257663813897171
-0.0809344313148063
0.06090811198812812
-1.4342829411982754
-0.025640877543763367
-2.1396100686753496
-1.0820856435962947
0.2787637908180341
0.4827181444022769
0.9508855045534035
0.4506602231320552
1.357093808918191
-0.8974331586767317
2.3247012090692447
-1.8842956079596405
0.6856081447202611
2.0126011531429384
0.024334415925345874
-0.07902774913488435
0.30429148935540395
0.23223313607144086
-1.539116733557693
3.446608311420308
-2.0770343986909103
1.1126007586360465
-0.6145469631401317
-0.10833396558996854
-0.1733645274426501
0.01689026514964283
0.023318878008087844
-0.5425212971635698
0.5183506517024206
-0.7173577007986892
1.2922764484011384
2.308365285108811
-0.4317183255967118
-1.480124602765687
1.7837498630722206
0.29009370523475114
0.7142955260422618
0.397819824649534
0.23364609898285155
-1.8303414131656437
-0.4366548236211567
1.2432915348153735
0.668072192515898
1.613380839368877
1.3714811839534657
-2.1259977603597626
-0.16347432808523643
0.04028385851347631
0.3203284897532377
0.5378142468852931
-0.05207231100065649
-0.5265304011857344
-3.114530837348501
-0.7052987340608604
-0.38357293883998617
0.05997853382581029
-1.673868824202392
-1.1823998719395779
0.2804477746673699
0.11092682238938963
1.984278534418053
0.15336436656357252
1.4594237950161524
-0.14748399494634667
-0.3625591370062039
-1.5252864097607381
0.8250488192580396
0.9453375320963885
0.2853038541020916
-0.7890035692234544
-0.08642105384352267
0.30756508994274606
-0.6353629373859423
1.4995495343772343
-0.195602954913497
0.17176583236715878
-0.40096852656561893
1.7425227487422608
0.01848719802141962
-1.7205443172032955
-0.03244459036706513
-0.4272803968331132
-0.4910765126289963
1.4033493762828118
0.02838348064533892
-0.4812108012968224
-1.136044956809931
0.4298266053953582
-0.10385639465025517
-0.6339066063587409
1.3288487069264092
-0.510007486867676
1.6506755190899574
-1.0700750016596825
1.0633284200314916
0.6964424862380835
1.1555834867420116
-0.2898437137883505
2.313021804247959
-0.06481899524706158
-0.6892653837990945
0.8160755519432635
-0.6860367239667289
0.16182183740456968
1.0771167614119044
2.6243875633470144
1.0976510562260393
-1.1772010954148204
-0.7749282110835494
-0.7733545852769729
-2.101773697521447
-3.0358473942562143
-1.8376775623922035
1.9136399696002626
-2.0112002942643286
-0.6288171635675205
0.14423244611765293
-0.00169401107946472
0.34958889960992545
-0.9921061287391961
0.6875625694775956
0.06605675162196534
-1.91756114774204
-0.5875136164309285
-0.17858542298101726
0.38111484581540067
-0.33628058390127935
0.5834352067670826
1.2239016111721137
0.7356356448360738
0.48237471168185125
0.8486856436111252
-2.028750776152773
1.4546763385113823
-1.0651311640424603
-1.3531875803365692
2.2040209569669376
1.3618225690619576
-0.7702842061965806
-0.2704019877114035
0.49333489858931107
-0.5501617017297108
-0.20525541899198735
0.30929784700417173
-0.764544669596638
0.2905084849599503
-0.28643688873030004
-2.1417988038054356
0.2703469441311714
-0.8862316085046579
3.414834238210089
0.877036129627163
0.16303011732405812
1.513275900945593
0.17084453511898728
0.2635107574395967
0.0903315343897829
0.40949150562929104
-0.11682525358074282
1.4456838766098732
-0.07496311728763
1.0250542997543524
0.41204509496464276
-1.295474740305658
-0.7030077402436529
0.07642949576529633
-0.5597342702863479
1.231410346869368
0.01611817244762278
0.8458263707341602
-2.3085008848350843
2.1848812913504445
1.4414574763768875
-0.6196620474905079
2.2408935711174007
-1.416166389333384
0.7002087467503704
-0.8351099628506747
0.6719638819541318
0.24719184064235478
-1.4542057353051971
-1.0227973319277437
-1.5690143907971013
1.4903752067391975
-0.1679078852745145
1.6900802053505617
0.17992818265060015
0.8057233507759931
-0.01560147597772165
-0.008001832409791184
-1.9027098696722804
-0.6876102079404934
-1.232943947120793
1.0701258604757264
0.5473785254236407
-1.3048864666799318
1.4997861580265066
0.9141070400709185
-0.5124651751232716
1.0096914949750149
0.10166021014429229
0.6679575879792867
1.4937242768993446
0.26610889436795804
-0.6830954709113874
-0.5100139900011824
-0.8249659573547168
-0.15165284413298766
-0.17695505161926034
0.2528487360469506
1.6025997313729912
1.4458943097124282
-2.0295857491733034
-1.3311442059425977
0.15044901127170865
-1.1855935969515279
-2.8918336011177903
0.030833852133307492
-1.1144746683810098
-2.1987849498783976
0.22343673097086028
-1.0784061897709147
0.6107129815850633
-1.4150183667362055
-0.39900893709219304
-0.11923458610413487
-0.3223440283611701
0.5826123834227844
-0.5520676001624307
1.0812870480701806
-1.2035569556611838
1.7125757433822733
0.40487109703463775
0.9087260506942191
-0.9038745054991772
-1.291846152064738
-0.7720848575014178
0.9111436349229106
-0.1755015267969046
1.9679967247322419
0.42021417107026254
-2.328618520628084
0.8805561208917323
-0.6883126898120171
0.4662477087062183
-2.0526953198057796
-0.3401256360247489
0.613163147268676
-0.5346301088091187
-0.27611456784919197
0.6716179596104708
1.9079787329112863
0.19268316111826306
-1.3515828894409483
-0.22198960322927178
-0.48288226869163103
0.8123716056581402
2.373212964429872
0.1679172083608183
-0.4265038087794542
0.12069285021775811
-0.06632176873940232
-0.8049836674033402
0.060727148257495776
1.026273015731465
0.2777754651828005
-0.7623326571481724
-1.6561103241436368
0.1095629324886558
-0.7258202789382183
-0.005896685059159906
-0.19559053244200822
1.0975205797019023
0.4543848049064161
0.13722007392620283
0.9474004252684167
-0.40896085002959276
0.30562704480899133
1.4221588936774605
0.7770242617877955
1.3862846994612117
-1.10144481038113
0.5213498186385352
-0.28060790377638506
-1.0309165297127778
-2.11093423426152
0.011564102480284574
0.6778741124279981
-0.009931653546299405
-1.962196614840671
0.08705812482571146
0.5842198956538188
0.15338066984494278
0.5731852328879192
-0.5743507692809368
-1.7461595816177105
0.3823309627903494
-1.0709557481752245
1.1589133697076712
1.6441053341928162
-0.05844510048673539
-2.9780258877689745
0.8770178456045483
2.2295739884480774
0.5589284602520841
-0.3580791612253422
1.5540935962291866
0.29056404732918584
0.2392825049902817
-0.8439722353976803
0.8604840949836857
0.6503853453298184
-2.0542651778487153
-0.05243424007894064
0.7290608319645817
-0.37011592381257413
-0.4057005915006092
-0.17606777194464512
-0.679835212171386
0.2416122948566965
0.03977568904508401
0.8148313995571114
-0.3214896008694319
-0.439720071895228
-2.8050148700505986
0.733896486705408
0.11590148960896467
0.1967806131301547
-0.4030159984445673
0.706312882681707
2.5355909154698173
-0.7415358964322822
0.3704692954720499
-0.3888756950315125
-0.17209321168184066
-1.2741992814048713
0.9377044267356317
-0.7494080952140704
0.021805945735131525
1.576953394241291
-0.2252553535343299
-0.9525117374857113
2.0862695225099763
-1.1070757860000036
0.2706966473674883
0.3808085950656416
1.565851746186667
0.262926907339311
-1.3434663845722246
-1.3593492745873128
-0.45585053295822253
0.635250942944191
0.9647271230184337
-0.6773569648392301
-0.1312019764017835
-2.226805682633694
-0.003916536627660149
-0.3926094455479368
-0.1163880940452022
-1.1920441343735477
1.4342481619809782
-0.1606790894827147
0.3127102241251161
0.21368675169152207
1.6539692237836625
-0.18552243799366747
1.332683728261487
-0.6152247156160856
1.1501257413902142
-0.16612447553918305
1.7408324773793513
0.36608564862366305
0.7920358812201566
0.4413420947413326
-0.6676934751902729
0.694562386445901
-0.9687029774274167
0.15901027843267232
0.1472752761015548
-0.7735069927228231
-0.16296949964827573
-2.83538440491614
0.6174189703951196
-0.40228030956837074
0.3880965462000979
-0.17048935579062333
0.22874815048569122
-0.23292692011272015
-2.019540648509467
-2.3144254522351737
2.3955517611229826
1.61309614317541
-1.2770393547150185
0.38421111665617086
-0.6891790823764183
-0.11672376202842068
1.5935975932837432
-0.4578504351666814
-1.7892338602478988
-0.6845782614303095
1.909839889637112
-0.4397376840764054
0.4245642493327394
0.025339825346370037
0.2775823519356518
-1.2148667829383462
0.7597594586809263
-1.0052921613070072
1.1722712758645888
-0.181553360108436
-0.15468928642548377
1.8624086404569717
0.049026841865779554
-0.2271204296932029
-0.3016581088841093
-0.6322251619317665
1.4429888818304446
-0.7896031434939084
-0.8419891922480399
-0.3220061525965807
0.6990673943782121
-1.223910675549308
0.72713146216581
0.7477456645634682
1.4675239179362016
0.7290595878682599
-0.08305979107408103
0.8413304876198244
-1.4050458337051737
0.12066393734222937
0.350541698644656
-3.489617481091374
-0.36819470842717894
-0.9618268679712785
-0.2938496640258167
0.27334570052553564
0.5783395951257283
1.9843078863455597
0.8131449609222633
-1.0817309621297249
0.7363602213878173
0.1309379958806152
0.2055295827264631
-1.33036435099903
1.3547047335437243
0.01404151732389928
-1.622238161003977
-1.5228042329411289
1.0444649698253008
-1.0004032015386521
0.23232954312222914
0.6312367448973848
0.6699355720157592
-1.9073680299992513
1.8873739460458319
1.2455453973995299
-0.44329984864644906
-2.0016005000301114
-2.6357865108098077
-0.9464723026265667
-0.8732997946660711
-0.6910822165926289
0.4826393465513516
0.17331993786879318
-0.9017535778444656
1.368023568148462
-0.37781471404415734
1.7770530187407745
0.8833392457240055
-0.5090725759805768
-1.8087564040773332
2.1594111577414505
-1.3313353077900738
-1.1504055945011389
0.7510828729860045
0.7677144649638878
-1.7584556674270562
-4.0998088169275055
2.2981496331997837
1.5991089572305694
-1.509701143965829
-2.2278531331923808
0.9319723306465257
0.12468630881379872
1.3949590632155666
-1.1180027585630539
-2.196106812879937
0.7958789094504166
1.1650379812394607
1.2495472688781206
-1.6824695248377795
0.6304619977824254
1.9778757540100285
0.801078193142119
2.4253745495720085
-0.8764338704488464
-0.13271631847801268
1.0370596295296608
-0.21878919547636724
-2.761583922968114
-0.9362078269921604
-0.5617709097976157
-0.9582070925516973
-1.0849404523987554
-1.4877695398172888
0.8626068037975216
-2.605497221805595
-0.5185190741822981
-0.04111957870962221
0.24277228606548878
0.020116484938621552
-2.096684304449004
1.4795225861086612
-1.4300218260931234
0.8996528904133823
0.7167309724139069
-1.0753948054949196
0.8330251934137022
-0.36539287546010857
0.04745786681826137
-0.8265677335867393
0.5218932736674192
-1.4095761775517544
-1.8181775961253879
0.8001616811257235
-0.6233718083561812
-2.812609669054821
-0.8433434488512775
-0.6699615219185545
2.3407069294793734
-0.5920241966419632
3.003138339160233
0.6485260139034312
-0.7378364885137162
0.18698189296687823
-0.18466386453509387
0.8097609962744533
0.28499787004838345
0.3371785382894852
0.5032621719338755
-0.5522322951896658
2.0719823811990423
1.3381311674777292
-1.156408177880493
-0.9601348481793814
1.1662984357457487
-0.1661160916506485
0.6200958723561995
-0.7016257920775968
0.9558788174786211
-1.9987205185384678
-1.3629392545587133
1.2952208743796811
-1.2418602079715588
2.408732722942908
-0.6058567476428004
-0.9740132370959775
0.020264428214694635
0.7072616302888163
1.3474227102878524
-1.0699311286441113
-1.2825615134410713
-0.2032998209041204
0.9328546925974125
-1.0906299762823664
0.15034975563715608
1.2432359095842387
0.8230303820329596
1.269110537106055
0.04281252401231407
-0.6491918652115442
-0.6739503460293034
1.0443486245282902
0.24657213744366205
-1.3210608559760584
1.141882171641996
-0.5300727469876427
0.020066503428810646
0.8127924459026874
1.4778465854260312
-2.6892585830836726
1.0863339902181874
1.7421052780997965
-0.10004040385400302
-0.23298918156211154
1.6673864402429792
-0.5454326888390973
0.26147141542819285
-0.05374964968321623
0.16528466620032517
-1.1481592523606088
1.038076883269644
-0.6216256952756376
0.6038015125809386
-0.19983908181267612
0.07559145818742122
1.0712234386112625
-1.3118471783249899
1.7166717582755362
-1.1388648789270834
-0.7018486921084804
-0.07845201812315951
-3.005484994893855
0.6131371148834155
2.2920897660343655
0.6750846633181985
0.752004518589776
0.3814883942008882
1.2397611348771822
-0.2736922508498764
0.6828641975791003
0.6922633763458113
-0.026157185831822635
-0.16318133383160932
0.5778667917378213
-2.2421481795993787
-1.8379297963473638
0.19482782613974595
-0.43709295568862294
1.9196664894493458
-0.20393091901423202
-1.36801647094218
0.3686084218987375
1.4130000592614351
-2.1288780422615274
0.4584265931712118
-0.17633581216947455
-1.1248623177211516
0.8171175209156426
-2.006918228550239
-0.9353977700773303
-0.8308452599108698
-0.21471587678607662
-0.13466531273936624
-1.2783210088821984
0.22721694718504298
-0.74953954787748
0.8498029287266754
-1.7304350222518246
1.9687988588911143
-0.7151501897332144
-0.4527612043343006
0.40674412421697215
-0.8061870147149047
-0.009483814081838437
0.197472654110855
-0.7456693970584427
-0.8175387141538215
1.270921392256555
-0.9946775685250033
-1.8608511678826676
-0.4438347896534733
-0.39114298424626825
1.0023445675824603
0.8136958346041077
1.7764637344188612
1.3089937614544502
-0.3784485430827991
-0.8351338266345386
-0.3825512991883625
0.7144897557041358
-0.5201420841866318
-0.36689132731633844
0.25973023821972346
-1.7828569439868422
1.8413074820298132
-1.3209693110026017
1.5405703958286994
-0.6650629106381651
-1.2202712013561867
0.8077923005422509
-1.9207934832765832
1.0778432496475743
0.2753037200641671
-0.061943425557927666
0.10363101838290414
0.49349535827706004
0.6249167676890263
0.7353918664215447
-1.043914872720476
-1.9593137272314385
-0.039058758435833243
-1.9462914869276184
-1.0465844066411936
0.49052947475693776
-1.372646268913658
0.16164700726944242
-0.4570818482559713
-1.6304006677755631
1.4690011542244323
-0.856779671347385
-0.37845852900604654
-0.17582155197227073
0.8543098164021609
-1.2939037824664132
-1.3522413754890608
-1.283685443635043
-1.5093984211839062
-0.18513527339171365
-2.776231683549062
-0.09590435493182205
0.452211636266341
0.083000114782556
-0.5312688749295599
-0.10667695782716266
-0.36295669447311346
0.3235765208284756
0.48490584219419564
1.1005657955315344
0.3589599641684211
1.1953796955554103
0.7892332982299766
1.329566011785461
2.5853040352849845
-1.600595121240292
-0.5092506596289169
1.7147223320727696
0.8921124472866327
-0.8027340207814073
1.7272271791213878
1.8356878161091064
-0.1223492617666202
2.9059448190180883
-0.610552849297894
2.170329347955954
0.45027105024634134
1.493034849290998
0.43006041494932873
-1.1806306884202198
1.8964656879519435
-0.7422515628771762
-1.2601588953436849
0.6228861400079991
-0.7388404598662002
0.5605253186421871
-0.7994604304871972
-0.685184769550356
-2.3967356611429906
0.6471833629744667
0.3095446547246664
-1.1524942848920856
-0.17291490184523847
-0.8510042192005407
-0.37714365581301845
1.572723598543213
-0.8392847015790021
1.0454303182998232
-0.4022750573098594
-0.38982103747830676
0.10810123524551397
0.8181672065623914
1.1814593708116037
0.013588724348968437
1.9248314756238427
0.9117536108253789
-0.219781839629516
0.02228421319658473
-0.3695896986526513
1.567007425976537
-0.1567653484440807
0.09575412661628911
-0.08966307708513353
-0.4404983525033031
-0.40484124527441107
1.3278028974153173
1.2955651759802542
0.5915077535064762
-0.24980109365782957
-0.7395645082107295
0.7512951520169349
-0.33831696807736533
0.5155374316194182
-1.3517895782046407
-1.2873320307316418
0.16838803453779128
1.3385432794762824
-1.448766196180973
1.5748458718461777
0.15026469865001368
1.0211118219003217
-0.6937779112912581
-0.6697227888813111
1.3393327327542177
-0.44892933793467005
0.16537927901671778
2.2184741382911204
-1.7799940974349162
0.07107384291440043
0.04585712141461231
1.6810761792345332
-0.9311361707436825
-0.9302403423867469
-0.427588554861342
-0.4553734747403804
-1.6820377742849901
0.2596163604547691
-0.4408296299426416
-0.29813263449798594
0.5601591104842466
0.8849560585747781
2.7771925561019133
0.2130622379660723
-0.5836896960420254
0.7720538381783212
1.068650511400347
0.600146547723717
0.08429559604272058
-1.1567089865911058
-0.6807079470447581
-0.02058551223768341
-0.22442567312586115
-0.42522876423429545
1.3663105814635494
0.7331780784291065
2.7160020328533117
0.021014666133167544
0.609926672751224
-1.2658873767966654
0.5509320972807262
0.5040621513683156
-0.5209053313491046
-0.6866186841676941
-1.211894082594269
1.7833305859991566
2.2289312904532608
-0.16994193764264068
-2.4472141995271213
0.5433985653358653
-0.18616118007596583
1.5288652439539796
-0.5136839641310784
0.48642675269355135
0.13628648790954184
-1.3024852780683358
-0.6689392766865715
-0.362213656783537
1.661776270278382
-0.28931169899812753
0.19773630385575477
-1.4317769027802587
-0.3919595241557747
-2.310260504297936
0.07207787998900271
-1.744600622449544
-0.005123790453701818
0.08494991721061905
-1.7946528897569831
0.2833531984001047
-0.7038243287882617
0.17105133273007597
2.2862781119294473
0.7533121964472255
1.086577543373146
1.542787103955641
0.8552701517245114
0.7292001712038414
-0.8615513974802016
-0.5625055674516073
-1.9090834730274728
-1.0082330925431213
1.9728836553880698
-2.1977031215046114
-0.3491254939574141
-1.7252241844518788
-1.6093349445239993
-0.5157606586344505
0.6479450337784025
-0.7513612574134235
0.4141279568033784
1.3229831424929093
0.10410750641764237
-0.8949513967954025
-0.1476465733852347
0.42716187985127607
0.231951025915255
-1.1168020642478145
-0.1397370750995467
-0.4800141311228042
1.4291368127440423
0.5995988685216481
-0.22305213882279062
-1.095524001137821
-0.6877464295521744
0.12660986194040538
1.1636814126263468
-1.129699134586392
0.2804406855076202
-0.8318743521096499
1.6993293352001413
-0.7878262073790352
-0.7851911869551241
-0.519220153917886
-0.22483030964592096
-0.6347751829594239
0.2883939025085838
-0.5610685452138979
-0.5697579440901415
-0.38682046416897553
-2.38445630452385
-0.08954360611652852
-0.037354207168242684
-0.9369763242359885
-0.2780283707664412
-0.8460545958121541
1.9010889751701296
-1.4274948133499807
-0.3272079616752437
1.2467715303586788
0.2686878876763423
-0.8341010563037596
0.47886490495049916
-1.1092066628006236
-2.0525630623174247
0.8699604865040357
0.28195045757105064
1.913037444849634
0.4352508197818678
0.6193117846404133
0.24293956346314388
-0.6861545729333723
-1.4366733277082806
0.11286843715985845
0.37845712348306537
1.0907615002079574
-0.27660230173561867
0.7066613049940864
0.3536541579487552
0.8875364157550227
-0.7859128590625122
-1.2080558388342155
1.3089799836744735
0.4411246370129469
-3.0951547272429503
-1.2009113519938488
1.3570184366151332
-0.05453939875461869
1.2031326007413876
-2.592847003880559
-0.9628441812361251
-1.3939127914074771
-1.3440515006255285
-0.3112314658215358
-0.4185944738947635
-1.4381117504432794
1.0523351271141128
1.1688855883086675
0.0657152116334548
-0.4243350042319309
-0.670486924960299
1.7011526214782164
0.5930170798181802
1.5560249268511157
-1.3385442040708657
-0.6981834812440147
1.156438742209262
-1.4270990255471583
-0.8690133372267275
0.35989528834110995
1.2322531534759589
-2.0166034114652636
-1.4970500681673806
0.35554436163516356
-1.813333024278719
-0.40342947346665586
-1.2652964492984402
0.2826160574204936
1.4842882219224376
0.7891916937904191
-1.3415982581881454
-0.2917133919836136
-0.1758524946266073
0.9219054495594143
-0.844799806299687
-0.4115197689765178
-0.017072879812498342
-0.40261863039598705
0.4941676318701985
-0.09743500285470137
1.573396982976251
-0.5647015563414508
0.5658129345192069
1.0499850350238424
-0.8857742369271597
1.1981480178725485
-0.2728662110818219
-0.7129444583275392
1.885393494389313
-1.0868569168804745
0.17457354243314777
2.066755840776709
0.8837375275452223
-1.4795026712062365
-0.9221922479245007
1.639668757315465
-0.3163522501552051
-1.5232012009500608
0.6274634287156206
0.41457084316828396
1.5405741340042196
1.0208866023235756
0.1801914265297374
-0.20093058037035863
1.2141988678034459
0.8825255474369296
0.8664977076115579
0.24405566449877283
-0.3127082276313083
1.5364626224957203
-0.11061530441883886
0.27306977549189704
-0.5790243922463141
-1.4604916618402755
-0.3266993316865921
-0.3249093220807171
-0.17053675513781336
0.3752878925435578
-1.9838287965566217
-0.4495062564208536
0.6757065117021592
1.641071156886811
1.2472515398372388
0.7948406189358014
0.3621650071945012
-0.766879072979036
0.9150709362761501
-0.03017788933426287
-1.138634075013583
-2.3331866766222316
-1.0602037017511377
-1.9762761137249405
-0.04094670273557099
-0.8109313051075971
2.5348597036128595
0.40866353861053517
0.9544696878089987
-0.8021323363919421
1.1867932196341913
2.0450918501851083
-0.028635064349462985
0.4714157733809199
-1.6042953758571277
-0.2929684432343457
0.5276639215437479
-0.6098323185965814
0.4217913004626597
-0.9075326383320885
1.7200537673946465
-0.36861423220918044
0.678930033579983
-0.2009683294619144
-2.1000008526785807
1.024799071170067
2.708589702009005
0.05003865371870008
0.01842120769942925
-0.039074744722532376
0.007264098512138836
-0.24086171728704936
-0.33371075356139573
1.7576840177578574
-1.0739304518764705
0.3073947036618546
1.4731780991783725
0.31763129488803565
0.7211556028796854
-0.8484803193921316
0.8236063739118019
-0.0855698680215545
0.18959336272867966
1.7127980652212216
-1.0632419114791214
-2.5977715601239026
1.1653840684930008
-0.9073437957645284
0.9986690764107936
1.1496634102240963
0.8120892466238908
0.26485080215853235
0.560957609842923
1.720916418214461
-0.9781616261360024
-0.7569208343579212
-0.3702177415259443
1.1428144176884512
-2.5181091608345607
1.0837790990485505
1.6210869775561618
0.3992706700939104
0.7378170560755988
-0.8422517563127286
0.2036449277723858
-0.031110975083384496
0.024923835013641697
-0.794430069965137
0.11346779077214075
-0.9479025636784517
0.09766873710287963
-1.9079064513704662
0.12242773492980631
1.4028602125328027
0.9094681639231672
-0.2626512901507547
0.4980567971383208
-0.8592529122306485
-0.24195131889879962
0.6164192100544468
0.4619834153158032
-0.6320753525524084
-0.01578245994684019
1.892482969384219
-1.0420311493027579
-1.8380946249681271
0.9379709617881036
1.7846319575593204
-0.625404399588521
-0.3507007788132117
-0.8300834436765121
2.0281775700614704
-0.30082240573011754
-0.6586317386488428
0.43638738123262216
0.008448654169374861
-2.3837095406560223
-1.6175812089974435
-0.6179735709556708
-1.7187096779499431
-0.02744798481727217
-1.222715376068703
-0.8538038644858589
0.8491353034391799
-1.9590558543945962
-0.13642299953044135
0.736098320016397
1.6095980612246361
1.120535254267143
-0.953950712664065
0.6937771178944727
-0.8028786832620156
-1.6202797418298862
-2.0233526923283476
0.15195135826845685
1.3063037781050684
0.8157943720178712
-0.8853486222719101
-0.4219598173238653
-1.2496087160130904
-0.04296430261218744
1.8965048884525
-0.18006646090221667
-0.550008155874932
0.18127909419675942
-0.2951754214127753
1.1450354017958073
-0.04892749150837041
0.2336138738847683
-0.58243167350852
-0.5136225234536143
1.1253661783128823
-0.6827337696361281
0.45195523149527467
0.8435754540510229
-2.690669319773317
0.9018985179811414
-0.06667799193181018
0.4624300813324497
-0.08529235484351363
0.338545389041027
0.002519049342751302
0.04141572417774422
0.4917567252476628
-0.27850351974329035
1.0963795835757937
-0.5342334553946572
1.7465045001843134
0.37167812538845124
-1.4362439804375873
1.5179251492754555
-0.21944786687112164
1.9400653521144118
0.24189362462336989
2.045477438272944
0.34180621616966583
1.4219718321788897
1.0951154869403321
1.2262537515756553
-2.005857814116773
-1.3147614180380545
-0.1642795906651337
0.0778819288043929
1.5550332005241188
0.5105333127288515
0.5899543875871582
-1.344829495616212
0.2993774990041777
-0.45696039035490416
0.4557288969879248
0.5042902039275146
-0.16006887415349988
0.12393586323438859
0.06593637676241187
-0.12429128026593393
-1.1490710715016235
0.8021178700192857
-0.3459662062244764
-0.5178039764019728
-0.11559128694097169
-1.0131922707639793
0.017848838114451607
1.102112583619834
-0.17418876501792155
-0.7360821680781615
-1.621210291651094
1.2858722931719828
-0.9554851592180389
-1.0891672998148023
0.7470530555503213
2.821982258693677
0.8197462551373051
-0.0636142267896716
1.0363382481323318
-0.6027207179926423
-0.9274212663072341
1.899319979549172
-1.3242599437189098
0.7889698052474358
1.3654795535973805
-2.051888305341964
-2.573432077025501
-0.8225900573356083
-1.0281401237726044
-0.2864578181448472
2.4560948002748244
-1.2056916992987012
0.4570802487267848
-0.590512006347471
1.3645051809135722
0.40563056794587576
0.7433719530224575
3.0858278594513617
-0.6510578718264501
2.670768503930446
1.0448199827250322
2.0386789789482407
-0.8359911269434602
-0.8863789452291236
-1.6328024359970374
-0.6787173639768773
0.478602180132049
-0.7095866857432451
1.3368482619650925
0.8869158928476273
1.2005704047104333
1.5495481891424436
1.3743397112668352
1.9412296175373402
0.053848161693735706
-0.6139619637593251
-0.43935335032704403
-1.5888277000618838
-0.6199229013094072
0.3979860975376228
-0.41639347682637984
0.3626456711429012
0.4156696788510587
1.2078950317618224
-0.18704656895423247
0.947378789680695
-2.6131594386488404
-0.8147690742225084
-0.28185373522056795
-0.5505295639901308
-1.0024753867313678
-0.06757073470963207
-0.44863958143075
0.6804421040152758
5.027572578001075E-4
-0.4630429050240843
-0.6295102296560506
0.04192392684734964
1.3856062410799175
-0.43110935462947164
1.036989518007806
-0.14852097063200567
-0.2218320550200825
0.25459640185490234
1.2823018660542875
-1.1374382277370585
1.3719815642428776
1.7091013196183438
-0.7095799815826617
-1.5458279542142745
-1.3174204277023833
0.8475706824310321
0.17394128938718073
2.0512786747865834
0.3618417456092696
1.1730403577831174
-1.7899298571328752
0.12251361024631811
-0.0749906338225546
0.3820560984635375
0.8925521224807511
-0.6977869456886127
0.5899218912245454
-0.4182846494091138
1.307310768840278
-0.5077152524339184
-0.6383020200840582
-0.1502927576834189
-2.2188437379614285
-0.4518888383072502
1.2946345782697655
-0.6007863231818957
-0.7992699359186689
-0.8181765790838589
-0.38789237589740017
0.17732832543511784
0.5100718701383111
-0.7639273838142471
0.6221423762911341
-0.20536890802244212
-1.248969283421655
-1.3539356508954246
-0.5394351992136608
-0.04501841271060268
-1.635608658779485
-0.17623958730943026
1.5482239204111097
0.5453754013263584
-0.30450979660883626
2.283755037956615
-1.2663123597684758
0.7983483846342292
-0.3570484298039309
-1.3306221279235513
0.5255539286442421
1.6928676038656876
-1.522440346712175
-0.8500668372802714
1.4630567673391115
2.034496489346626
0.2598258780757429
0.6154237364451123
-0.1348915949002451
0.45882106033752945
2.4820799785430308
0.8687048575012415
-0.774658480504491
-0.4719743434606165
-0.44509386772966564
0.47200523105787523
0.1184503450662772
2.3534070845060526
1.179081110102499
-0.6510394161328965
-1.1940694566038357
0.13271304741097592
-0.12465105433405191
0.9295322750141073
0.24116115016317768
0.4142553442874839
0.5691523845245717
0.6898482155424035
-1.008556931197613
-1.9760168055599785
-1.0315584091883634
1.3455483510196948
1.533161416381292
1.694776318187197
-0.429226851419211
0.03672581639981841
0.916779780495029
1.8820396933265298
-0.5795540638747053
0.5516613412314372
0.4224999461808552
-3.0405705938106466
0.3579875178593431
-0.37960337425362267
2.3845152774871594
-0.23022404609135783
0.4622725566424655
-0.7904032645795277
-0.23260877299970084
0.9303663194176381
-1.8211026854912333
0.8981764727210043
-1.0855710374000371
0.21024024879198117
-0.1332649595907243
-0.19157249271417048
-0.7403888506291663
-0.30121358038304763
-1.074936132898255
-1.9111490043216042
0.24337280148997165
0.9458708787415229
1.9248512511641365
2.022872877765512
-0.8591261754478488
-1.4724229702644014
-2.3527569252111586
-0.5898211861820601
0.6267337909817727
-2.028637602902512
0.5039014400222324
-1.5446176311038837
0.320344849329427
0.15908612898660845
0.8427881623522895
0.610482142708212
0.89544495722239
-1.087333867171492
-0.48062478013413323
0.8634003338306612
-0.14554558038775559
-0.27572949404573205
1.516702732331748
-0.7722307152244544
0.24130363335667615
-0.7255397125536324
-0.7393414601545878
0.926569419908948
-1.8174425807715882
0.26732137190158467
0.0986186704551265
0.09662069027726039
0.6246687900173117
-1.2234184866901516
-0.7446802941936459
1.3031414467559104
0.4018248437538672
0.23769936308066708
0.8764216064850423
0.8552134463205426
-1.0890820545194058
0.9887273863932796
-1.3730631228904862
-0.5100322305554674
1.4893945353180713
0.4892165239425033
1.2894247075977847
1.436312060493986
-1.5703482260095447
0.5622404434076747
1.5814055519954433
0.2058087015633813
-0.4924213127347362
-0.09902448271302673
-1.6154108691183917
-1.9532919477810267
-1.0620610198908131
-0.5956421465447113
1.4301986262691164
1.959423211063917
-1.4002279135359577
-2.1947962067036055
0.5143280447400392
-0.13361051909442861
-0.6190693574053212
-0.6373321229294558
0.3407081223039127
0.5691504570584216
0.49636607460677484
0.1647486971764768
1.1383405677297251
-0.7157002109060054
-1.599038295649149
-0.08905906844531085
-1.1870598397153842
-0.22507301759959694
0.42814422840048527
-1.2220499367483768
0.18150025808459191
1.8558227139820358
-4.073174443359329
0.5714510376890619
0.7713798533944868
0.3729488228007526
0.8386836139240199
-0.6725926492497045
1.2143500598334493
-1.1798406369553767
-0.11410454050800319
0.05616916125081097
-1.05256605210874
-0.3469130888776543
-1.7562998194267314
-1.6518165326333363
0.6180145920748819
0.014868134768066445
1.734223958138737
1.201507536791286
0.593586749674187
-1.4774788475321141
0.8957416069967279
-2.5461753503799307
0.19895357215419998
-0.041494302882440805
-0.8886123553322774
-1.0507243294703879
2.5252695841441284
-0.8319284692208073
2.8116961002444443
-2.5457014789213943
1.3081419773053082
0.6011459307851957
-0.3844317445539778
-1.2326912927176192
0.560032865104044
0.7778804303399159
0.44482330209317045
-0.5973678082352509
-0.0891018885410405
3.126701053705521
-1.5901068260214604
1.1864498696174228
-0.22225700029929393
1.320829669070395
0.030357703457662165
-1.3074439980556127
-1.6463721306528691
-1.2610131371463182
-1.9982941641426522
0.03257191599312656
0.8597084512049433
-0.6753396050481031
1.4930961478247988
-1.8096077079955666
-0.2622654768928995
0.2638810958286414
0.3048447929254023
-1.039347795696501
-1.2716351775102308
-0.4125024856610658
-0.5176351950635403
0.6909498416695601
0.6020015515955284
-1.3415291487967886
-0.34984880478133845
-0.2278786731866027
-1.7078085658612936
-0.6524382039084944
-1.748457973413154
-0.34548689211843514
0.8445035329692632
0.3125981498197387
-1.2663754237363005
-2.4706872580253836
0.2208618190710986
1.0330948886197475
0.557876785720444
-2.381690962371133
1.0173411191013935
0.07198213443272905
0.8283384867033413
0.4077213808293944
-0.5310218370167136
1.7496125009086072
0.3541978525270558
0.348525040910777
-1.7464591986250546
-1.0075336881996388
1.1639829277993787
-1.1358674927675727
-1.4479691532363397
-2.058935223895231
-1.4468955789780695
0.7500731264709772
0.8385917759545362
-0.9265254717110126
0.6967180244633734
0.024550494132001766
-0.4113446782486205
-0.7502024882866007
0.13104717683547024
-0.6192960347109338
0.14334021580909087
-0.08061871228161188
-0.1258169679219362
-0.4791344505143519
0.15273399886884093
0.4368951733639685
-0.23879759423505717
-1.4538412403682532
-0.1775699395794714
0.22509364749361546
2.1782335375236985
0.17867396798049673
-0.14653896263306013
-0.32417068457398235
0.2477688744684892
1.2350522838234494
0.11410591801136806
-0.4805509431587551
-1.0396160358051025
-2.7315105078736197
-1.5088328441400003
-1.3263216983225414
-0.6808016811388284
0.742060233668315
0.27507121971152093
2.9076850972153143
-1.5669028052100622
-1.4129161428261943
0.26232312791055773
3.4481506823587083
-0.01231315773391502
-0.8830206507267343
0.7754763933716825
1.6478521344538242
1.305663698472208
2.2552824506928837
0.4197203174373965
0.10321442314562092
-0.9452366710704919
0.754459827043873
-2.2509787186895047
-0.19935749660353036
-1.7278364637689163
1.5097531899693175
0.5526857519266762
-0.1758368759315619
1.5649039996059468
-0.5852545766591526
0.09028397970803537
-0.6224465011634993
-0.9168644487677187
0.16234336056316284
2.16446111002082
1.0215203490046265
-1.8523875226323128
-1.944847595929997
0.7585071234547901
-0.46200049486344313
-0.5360135300864743
-1.7597880141102462
-1.687249834774651
1.4040933344234199
-0.8051534511844092
0.27702273947912004
-2.0777115215796003
0.5173174066238971
-0.6802966440470246
-1.336035010269308
0.1024042094974743
-0.49644834405279714
0.05830703557525218
0.11057030259786522
-0.6176922896875123
-1.0754101084697936
-1.5851092547804693
1.8644929417181764
-0.20384501058607005
-0.3138128873825827
2.0980396864829594
1.2451283496636745
2.4748734365414924
-0.6750912095857255
1.4220403497766312
-0.03813075559838585
-0.5654197308141423
-1.8765586542600365
0.4823590071257222
-0.5858105491908372
1.4943959431677523
-0.79877360086913
1.3088079866844584
-0.6243498529520084
0.45698404016741623
-0.01411331020738013
-1.5327884380880958
-1.312388972796072
1.1106706845672347
0.511157103404325
1.794728437602366
-0.19953212908755869
0.46500951767664633
0.9086433324346405
1.5738982086640783
-0.3267336537088829
-1.7704520442008032
2.0608131370997342
-0.4807245960402056
-0.1682220239331271
0.6708938519143354
1.2956052227986057
-0.20028104207051142
-0.26543018856087136
-0.6519362771521563
-1.5826703644631772
-1.1595073671536755
-0.5135582261097281
-0.2700556310891891
0.6631900546182669
1.6088842773766043
0.30429010156142794
0.9020842754014817
0.9246725457462792
1.6814624342276416
-0.1791512512929602
-2.507794369083915
0.5119072990968443
0.3352461542583991
-0.8707243862215849
0.9379316618090884
-1.0161853158698013
0.5618270120645004
-0.711993332152248
1.433856041444357
-0.24943406098739698
0.30454378823729206
1.43167096431043
-0.21141314683781715
0.0694710689208086
0.20038238472147124
-1.462870569201153
-1.346002372903342
0.787951098342809
2.619073355500468
-0.48995908774212343
-0.42861249263647083
-0.9491801718321697
-2.4937803858955054
1.1021062847075624
0.48980234150048607
-0.7867019436002487
1.3989889971622655
