0.3018798828125
0.37646484375
0.92987060546875
-0.06756591796875
-1.203399658203125
2.246917724609375
0.2882080078125
0.2945556640625
0.1710205078125
1.321868896484375
-1.253936767578125
1.567047119140625
-1.879058837890625
-0.39337158203125
-0.8394775390625
1.02349853515625
0.08050537109375
0.20599365234375
-2.317413330078125
0.43560791015625
-1.138946533203125
-1.225830078125
0.13201904296875
1.69219970703125
0.4471435546875
-1.363616943359375
-0.32647705078125
0.23321533203125
0.48583984375
0.8594970703125
-2.267669677734375
-1.18023681640625
0.36370849609375
-1.54791259765625
0.257080078125
0.14776611328125
0.2601318359375
-0.962890625
-0.9395751953125
-0.0977783203125
0.06134033203125
1.0635986328125
0.03424072265625
-0.08355712890625
1.028167724609375
0.252685546875
0.847412109375
-1.31793212890625
-0.94659423828125
0.1793212890625
1.85699462890625
1.057098388671875
1.1405029296875
-0.49456787109375
-0.5245361328125
0.507568359375
1.012237548828125
0.81549072265625
0.1585693359375
-0.1617431640625
0.93865966796875
0.8702392578125
-1.45599365234375
-1.299896240234375
-1.20770263671875
-1.41900634765625
0.19317626953125
1.526397705078125
0.4202880859375
-0.85919189453125
-0.25933837890625
0.661865234375
0.52386474609375
0.5311279296875
0.06549072265625
0.18695068359375
-1.302459716796875
1.435394287109375
0.02825927734375
-0.167236328125
1.391998291015625
1.07403564453125
-1.302093505859375
-0.60003662109375
-0.29913330078125
-0.31329345703125
-0.05389404296875
1.60943603515625
1.79693603515625
-0.2197265625
-1.724609375
0.28631591796875
-1.29962158203125
-2.2178497314453125
0.117431640625
0.21051025390625
0.95233154296875
-0.83544921875
0.1826171875
-0.4901123046875
-0.16058349609375
-0.67340087890625
1.475128173828125
-0.57952880859375
-1.18280029296875
-0.9544677734375
-1.32818603515625
-0.40472412109375
0.65704345703125
1.1390380859375
0.5162353515625
0.16693115234375
-1.6759033203125
-0.0074462890625
-0.88531494140625
-0.66925048828125
1.491973876953125
1.25128173828125
-0.36737060546875
0.0712890625
1.077606201171875
-1.178131103515625
1.346221923828125
-2.7900543212890625
0.89794921875
1.294036865234375
0.0775146484375
-0.44195556640625
1.29156494140625
-0.55743408203125
1.09747314453125
1.887939453125
-0.6875
-0.5120849609375
-2.2712554931640625
1.929412841796875
1.448211669921875
1.062591552734375
-1.026153564453125
-2.069915771484375
0.81890869140625
-0.6236572265625
2.6362457275390625
0.980712890625
2.1977081298828125
-0.525634765625
1.00372314453125
-1.25604248046875
-0.4197998046875
-0.9290771484375
-0.51165771484375
-0.3519287109375
-0.89129638671875
2.0322265625
-1.008026123046875
0.2857666015625
-0.65960693359375
-0.56024169921875
-0.09698486328125
-1.053436279296875
0.0416259765625
-0.0714111328125
-0.39556884765625
0.65081787109375
-0.466064453125
0.4185791015625
0.271484375
-0.12615966796875
0.12548828125
-0.03021240234375
-1.001251220703125
0.28558349609375
1.273162841796875
-0.905517578125
0.15875244140625
-0.8563232421875
-0.07135009765625
-0.2310791015625
0.3079833984375
0.89605712890625
-0.1871337890625
2.2277679443359375
0.89251708984375
-0.5220947265625
-0.35418701171875
-0.1630859375
-1.9659423828125
0.06048583984375
-0.1551513671875
0.22772216796875
-0.203369140625
2.28369140625
1.26080322265625
-0.642333984375
1.084747314453125
-2.5955810546875
0.89990234375
-1.61273193359375
1.0606689453125
1.57061767578125
-0.685791015625
-0.537109375
2.428802490234375
-0.1656494140625
0.77728271484375
-1.46954345703125
-1.767181396484375
-0.72125244140625
2.1740570068359375
-2.8283538818359375
-0.6392822265625
1.0745849609375
-1.46954345703125
-0.75244140625
-0.1265869140625
-1.323333740234375
-0.75537109375
-2.1218719482421875
0.31695556640625
0.86370849609375
0.28900146484375
1.628204345703125
-0.13818359375
1.394287109375
1.43328857421875
-2.4604644775390625
0.20672607421875
-0.5386962890625
0.3839111328125
1.83392333984375
-0.95111083984375
-0.33251953125
-1.72479248046875
0.07757568359375
0.27203369140625
1.11981201171875
1.07147216796875
-0.49713134765625
-0.35003662109375
-2.4438323974609375
0.63800048828125
-0.72589111328125
1.228485107421875
-1.16229248046875
0.2823486328125
0.0721435546875
0.9052734375
-0.294677734375
0.13421630859375
-0.93731689453125
-0.9969482421875
0.0816650390625
-0.27691650390625
-1.018463134765625
0.2723388671875
-0.4892578125
1.44244384765625
-1.637908935546875
0.16632080078125
0.47454833984375
1.120361328125
1.19744873046875
-2.1488037109375
-0.97247314453125
-0.44097900390625
-0.89630126953125
0.84222412109375
1.6085205078125
-0.13671875
-0.2576904296875
-0.08099365234375
0.06085205078125
-1.434295654296875
-0.02569580078125
-2.1396484375
-1.08209228515625
0.27874755859375
0.482666015625
0.95086669921875
0.45062255859375
1.357025146484375
-0.8974609375
2.3246612548828125
-1.884368896484375
0.68560791015625
2.012542724609375
0.0242919921875
-0.07904052734375
0.30426025390625
0.232177734375
-1.53912353515625
3.446563720703125
-2.07708740234375
1.112579345703125
-0.61456298828125
-0.10833740234375
-0.17340087890625
0.016845703125
0.0233154296875
-0.54254150390625
0.518310546875
-0.7174072265625
1.292205810546875
2.3083343505859375
-0.4317626953125
-1.48016357421875
1.783660888671875
0.2900390625
0.71429443359375
0.39776611328125
0.233642578125
-1.830352783203125
-0.43670654296875
1.24322509765625
0.66802978515625
1.613372802734375
1.37139892578125
-2.126068115234375
-0.16351318359375
0.040283203125
0.3203125
0.53778076171875
-0.0521240234375
-0.52655029296875
-3.114532470703125
-0.705322265625
-0.38360595703125
0.0599365234375
-1.67388916015625
-1.18243408203125
0.2803955078125
0.11090087890625
1.9842529296875
0.1533203125
1.459381103515625
-0.14752197265625
-0.36260986328125
-1.525299072265625
0.82501220703125
0.9453125
0.2852783203125
-0.7890625
-0.08642578125
0.30755615234375
-0.6353759765625
1.499481201171875
-0.19561767578125
0.1717529296875
-0.4010009765625
1.742462158203125
0.0184326171875
-1.7205810546875
-0.032470703125
-0.42730712890625
-0.4910888671875
1.40325927734375
0.02838134765625
-0.48126220703125
-1.1361083984375
0.4298095703125
-0.1038818359375
-0.6339111328125
1.328826904296875
-0.510009765625
1.650634765625
-1.070098876953125
1.063323974609375
0.6964111328125
1.155517578125
-0.28985595703125
2.31298828125
-0.0648193359375
-0.68927001953125
0.8160400390625
-0.68609619140625
0.16180419921875
1.077056884765625
2.6243438720703125
1.097564697265625
-1.177215576171875
-0.77496337890625
-0.77337646484375
-2.101806640625
-3.0358734130859375
-1.8377685546875
1.91357421875
-2.0112457275390625
-0.62884521484375
0.14422607421875
-0.001708984375
0.34954833984375
-0.99212646484375
0.68756103515625
0.0660400390625
-1.9176025390625
-0.5875244140625
-0.1785888671875
0.381103515625
-0.3363037109375
0.58343505859375
1.22381591796875
0.735595703125
0.48236083984375
0.8486328125
-2.0287933349609375
1.454620361328125
-1.065155029296875
-1.353271484375
2.2039642333984375
1.361785888671875
-0.77032470703125
-0.27044677734375
0.4932861328125
-0.5501708984375
-0.20526123046875
0.30926513671875
-0.76458740234375
0.29046630859375
-0.28643798828125
-2.1418609619140625
0.27032470703125
-0.88629150390625
3.414825439453125
0.87701416015625
0.16302490234375
1.513214111328125
0.17083740234375
0.26348876953125
0.09027099609375
0.40948486328125
-0.11688232421875
1.445648193359375
-0.07501220703125
1.02496337890625
0.4119873046875
-1.295501708984375
-0.70306396484375
0.076416015625
-0.55975341796875
1.2313232421875
0.01611328125
0.8458251953125
-2.308563232421875
2.184814453125
1.441436767578125
-0.61968994140625
2.2408905029296875
-1.416168212890625
0.7001953125
-0.83514404296875
0.67193603515625
0.24713134765625
-1.454254150390625
-1.022857666015625
-1.569061279296875
1.490325927734375
-0.16796875
1.69000244140625
0.17987060546875
0.8056640625
-0.015625
-0.008056640625
-1.90277099609375
-0.6876220703125
-1.23297119140625
1.070098876953125
0.54736328125
-1.304931640625
1.499755859375
0.9140625
-0.51251220703125
1.009674072265625
0.10162353515625
0.66790771484375
1.49371337890625
0.26605224609375
-0.68310546875
-0.51007080078125
-0.82501220703125
-0.15167236328125
-0.177001953125
0.2528076171875
1.602569580078125
1.445831298828125
-2.029632568359375
-1.331207275390625
0.150390625
-1.185638427734375
-2.89190673828125
0.03082275390625
-1.114501953125
-2.1988525390625
0.223388671875
-1.07843017578125
0.61065673828125
-1.415069580078125
-0.3990478515625
-0.1192626953125
-0.3223876953125
0.58258056640625
-0.5521240234375
1.081268310546875
-1.203582763671875
1.7125244140625
0.40484619140625
0.90869140625
-0.9039306640625
-1.29193115234375
-0.7720947265625
0.9111328125
-0.175537109375
1.96795654296875
0.420166015625
-2.3286285400390625
0.88055419921875
-0.6883544921875
0.46624755859375
-2.0527496337890625
-0.34014892578125
0.6131591796875
-0.53466796875
-0.276123046875
0.67156982421875
1.90789794921875
0.192626953125
-1.35162353515625
-0.2220458984375
-0.48291015625
0.81231689453125
2.3731842041015625
0.16790771484375
-0.426513671875
0.12066650390625
-0.06634521484375
-0.80499267578125
0.0606689453125
1.0262451171875
0.27777099609375
-0.76239013671875
-1.6561279296875
0.10955810546875
-0.725830078125
-0.00592041015625
-0.19561767578125
1.09747314453125
0.454345703125
0.13720703125
0.9473876953125
-0.40899658203125
0.30560302734375
1.422119140625
0.7769775390625
1.38623046875
-1.10150146484375
0.52130126953125
-0.2806396484375
-1.031005859375
-2.1109619140625
0.01153564453125
0.6778564453125
-0.00994873046875
-1.9622802734375
0.0870361328125
0.58416748046875
0.1533203125
0.57318115234375
-0.57440185546875
-1.7462158203125
0.38232421875
-1.071014404296875
1.158905029296875
1.64404296875
-0.0584716796875
-2.9780426025390625
0.87701416015625
2.229522705078125
0.55889892578125
-0.35809326171875
1.554046630859375
0.29052734375
0.2392578125
-0.843994140625
0.8604736328125
0.65032958984375
-2.0542755126953125
-0.052490234375
0.72900390625
-0.3701171875
-0.40570068359375
-0.17608642578125
-0.67987060546875
0.2415771484375
0.03973388671875
0.8148193359375
-0.321533203125
-0.43975830078125
-2.805084228515625
0.73388671875
0.1158447265625
0.19677734375
-0.403076171875
0.706298828125
2.5355377197265625
-0.7415771484375
0.37042236328125
-0.388916015625
-0.172119140625
-1.274261474609375
0.93768310546875
-0.74945068359375
0.02178955078125
1.576934814453125
-0.22528076171875
-0.9525146484375
2.08624267578125
-1.107086181640625
0.27069091796875
0.38079833984375
1.565765380859375
0.26287841796875
-1.343475341796875
-1.359405517578125
-0.45587158203125
0.63519287109375
0.9647216796875
-0.6773681640625
-0.1312255859375
-2.2268524169921875
-0.00396728515625
-0.39263916015625
-0.11639404296875
-1.192047119140625
1.4342041015625
-0.16070556640625
0.31268310546875
0.21368408203125
1.6539306640625
-0.185546875
1.332672119140625
-0.615234375
1.150115966796875
-0.1661376953125
1.740814208984375
0.36602783203125
0.7919921875
0.4412841796875
-0.667724609375
0.69451904296875
-0.96875
0.15899658203125
0.147216796875
-0.7735595703125
-0.16302490234375
-2.83544921875
0.61737060546875
-0.40228271484375
0.3880615234375
-0.1705322265625
0.22869873046875
-0.23297119140625
-2.019561767578125
-2.3144378662109375
2.395538330078125
1.613006591796875
-1.277099609375
0.3841552734375
-0.689208984375
-0.11676025390625
1.593597412109375
-0.4578857421875
-1.78924560546875
-0.68463134765625
1.909820556640625
-0.43975830078125
0.424560546875
0.02532958984375
0.27752685546875
-1.214935302734375
0.75970458984375
-1.00537109375
1.17218017578125
-0.18157958984375
-0.15472412109375
1.862396240234375
0.04901123046875
-0.2271728515625
-0.30169677734375
-0.63226318359375
1.442901611328125
-0.78961181640625
-0.842041015625
-0.322021484375
0.69903564453125
-1.2239990234375
0.72711181640625
0.74774169921875
1.467437744140625
0.72900390625
-0.08306884765625
0.84130859375
-1.40509033203125
0.12060546875
0.35052490234375
-3.4896697998046875
-0.36822509765625
-0.96185302734375
-0.29388427734375
0.2733154296875
0.57830810546875
1.9842529296875
0.8131103515625
-1.081817626953125
0.736328125
0.13092041015625
0.20550537109375
-1.33038330078125
1.354644775390625
0.0140380859375
-1.62225341796875
-1.5228271484375
1.044464111328125
-1.00042724609375
0.2322998046875
0.6312255859375
0.669921875
-1.907440185546875
1.887298583984375
1.245513916015625
-0.443359375
-2.0016326904296875
-2.6357879638671875
-0.946533203125
-0.87335205078125
-0.69110107421875
0.48260498046875
0.17327880859375
-0.90179443359375
1.368011474609375
-0.37786865234375
1.7769775390625
0.88330078125
-0.50909423828125
-1.808837890625
2.1594085693359375
-1.331390380859375
-1.150482177734375
0.75103759765625
0.7677001953125
-1.75848388671875
-4.099853515625
2.2981109619140625
1.599090576171875
-1.509735107421875
-2.2279205322265625
0.93194580078125
0.1246337890625
1.394927978515625
-1.118072509765625
-2.1961822509765625
0.79583740234375
1.164947509765625
1.249542236328125
-1.6824951171875
0.63043212890625
1.97784423828125
0.801025390625
2.4253692626953125
-0.87646484375
-0.13275146484375
1.03704833984375
-0.21881103515625
-2.7615966796875
-0.93621826171875
-0.56182861328125
-0.958251953125
-1.08502197265625
-1.48785400390625
0.862548828125
-2.605499267578125
-0.5185546875
-0.0411376953125
0.24273681640625
0.02008056640625
-2.0966949462890625
1.47943115234375
-1.430084228515625
0.89959716796875
0.7166748046875
-1.075408935546875
0.8330078125
-0.36541748046875
0.04742431640625
-0.82659912109375
0.5218505859375
-1.409576416015625
-1.818267822265625
0.80010986328125
-0.6234130859375
-2.8126373291015625
-0.8433837890625
-0.66998291015625
2.3406829833984375
-0.592041015625
3.0030670166015625
0.64849853515625
-0.73785400390625
0.18695068359375
-0.1846923828125
0.80975341796875
0.28497314453125
0.337158203125
0.50323486328125
-0.55224609375
2.0719757080078125
1.33807373046875
-1.15643310546875
-0.96014404296875
1.166229248046875
-0.1661376953125
0.62005615234375
-0.70166015625
0.95587158203125
-1.998809814453125
-1.36297607421875
1.295135498046875
-1.241943359375
2.408660888671875
-0.60589599609375
-0.97406005859375
0.020263671875
0.70721435546875
1.347412109375
-1.07000732421875
-1.2825927734375
-0.20330810546875
0.93280029296875
-1.0906982421875
0.15032958984375
1.24322509765625
0.822998046875
1.26904296875
0.04278564453125
-0.64923095703125
-0.67401123046875
1.044281005859375
0.24652099609375
-1.321136474609375
1.141876220703125
-0.53009033203125
0.02001953125
0.812744140625
1.477783203125
-2.68927001953125
1.0863037109375
1.742095947265625
-0.10009765625
-0.2330322265625
1.66729736328125
-0.54547119140625
0.26141357421875
-0.05377197265625
0.165283203125
-1.148193359375
1.038055419921875
-0.62164306640625
0.603759765625
-0.19989013671875
0.0755615234375
1.071197509765625
-1.3118896484375
1.716644287109375
-1.138946533203125
-0.701904296875
-0.0784912109375
-3.0055084228515625
0.61309814453125
2.292083740234375
0.675048828125
0.751953125
0.3814697265625
1.23974609375
-0.27374267578125
0.682861328125
0.6922607421875
-0.02618408203125
-0.1632080078125
0.57781982421875
-2.2421875
-1.83795166015625
0.19482421875
-0.4371337890625
1.91961669921875
-0.2039794921875
-1.36810302734375
0.36859130859375
1.4129638671875
-2.1288909912109375
0.4583740234375
-0.1763916015625
-1.12493896484375
0.81707763671875
-2.0069732666015625
-0.9354248046875
-0.83087158203125
-0.2147216796875
-0.13470458984375
-1.27838134765625
0.2271728515625
-0.74957275390625
0.84979248046875
-1.73046875
1.968780517578125
-0.7152099609375
-0.45281982421875
0.40673828125
-0.80621337890625
-0.009521484375
0.19744873046875
-0.7457275390625
-0.81756591796875
1.2708740234375
-0.99468994140625
-1.860931396484375
-0.44384765625
-0.39117431640625
1.00225830078125
0.81365966796875
1.77642822265625
1.3089599609375
-0.37847900390625
-0.83514404296875
-0.382568359375
0.7144775390625
-0.52020263671875
-0.366943359375
0.25970458984375
-1.782928466796875
1.84124755859375
-1.321044921875
1.540496826171875
-0.66510009765625
-1.2203369140625
0.8077392578125
-1.920806884765625
1.077789306640625
0.2752685546875
-0.06195068359375
0.10357666015625
0.49346923828125
0.6248779296875
0.7353515625
-1.04400634765625
-1.9593505859375
-0.0390625
-1.94635009765625
-1.046661376953125
0.490478515625
-1.3726806640625
0.16162109375
-0.45709228515625
-1.630401611328125
1.468994140625
-0.8568115234375
-0.37847900390625
-0.17584228515625
0.85430908203125
-1.2939453125
-1.352264404296875
-1.28369140625
-1.50946044921875
-0.1851806640625
-2.7762451171875
-0.095947265625
0.45220947265625
0.08294677734375
-0.53131103515625
-0.106689453125
-0.36297607421875
0.32354736328125
0.48486328125
1.100494384765625
0.35894775390625
1.195343017578125
0.7891845703125
1.329559326171875
2.5852813720703125
-1.60064697265625
-0.50927734375
1.7147216796875
0.89208984375
-0.802734375
1.7271728515625
1.835662841796875
-0.12237548828125
2.9058685302734375
-0.610595703125
2.170318603515625
0.45025634765625
1.49298095703125
0.4300537109375
-1.180694580078125
1.896453857421875
-0.7423095703125
-1.260162353515625
0.62286376953125
-0.7388916015625
0.56048583984375
-0.79949951171875
-0.68524169921875
-2.396759033203125
0.64715576171875
0.30950927734375
-1.152496337890625
-0.1729736328125
-0.85101318359375
-0.377197265625
1.572723388671875
-0.83929443359375
1.045379638671875
-0.40228271484375
-0.38983154296875
0.10809326171875
0.818115234375
1.181427001953125
0.0135498046875
1.92474365234375
0.9117431640625
-0.21978759765625
0.02227783203125
-0.36962890625
1.56695556640625
-0.15679931640625
0.095703125
-0.0897216796875
-0.4405517578125
-0.40484619140625
1.327728271484375
1.295501708984375
0.59149169921875
-0.24981689453125
-0.7396240234375
0.75128173828125
-0.33831787109375
0.5155029296875
-1.351806640625
-1.287353515625
0.1683349609375
1.338531494140625
-1.4488525390625
1.5748291015625
0.15020751953125
1.021026611328125
-0.69378662109375
-0.66973876953125
1.339263916015625
-0.448974609375
0.16534423828125
2.2184600830078125
-1.779998779296875
0.071044921875
0.04583740234375
1.6810302734375
-0.93115234375
-0.9302978515625
-0.4276123046875
-0.45538330078125
-1.68212890625
0.25958251953125
-0.44085693359375
-0.29815673828125
0.56011962890625
0.88494873046875
2.77716064453125
0.2130126953125
-0.583740234375
0.77203369140625
1.068634033203125
0.60009765625
0.08428955078125
-1.15679931640625
-0.68072509765625
-0.0206298828125
-0.22442626953125
-0.42523193359375
1.36627197265625
0.733154296875
2.715972900390625
0.02099609375
0.60992431640625
-1.26593017578125
0.5509033203125
0.5040283203125
-0.52093505859375
-0.6866455078125
-1.2119140625
1.783294677734375
2.228912353515625
-0.16998291015625
-2.447265625
0.54339599609375
-0.18621826171875
1.528778076171875
-0.51373291015625
0.48638916015625
0.13623046875
-1.30255126953125
-0.6689453125
-0.36224365234375
1.661712646484375
-0.28936767578125
0.19769287109375
-1.43182373046875
-0.3919677734375
-2.3103179931640625
0.072021484375
-1.744659423828125
-0.005126953125
0.08489990234375
-1.79473876953125
0.2833251953125
-0.703857421875
0.1710205078125
2.2862091064453125
0.7532958984375
1.08648681640625
1.54278564453125
0.855224609375
0.72918701171875
-0.861572265625
-0.56256103515625
-1.909088134765625
-1.00830078125
1.972808837890625
-2.1977081298828125
-0.34918212890625
-1.725250244140625
-1.609344482421875
-0.51580810546875
0.64788818359375
-0.75140380859375
0.41412353515625
1.322967529296875
0.10406494140625
-0.89495849609375
-0.147705078125
0.4271240234375
0.23193359375
-1.11688232421875
-0.1397705078125
-0.48004150390625
1.4290771484375
0.59954833984375
-0.22308349609375
-1.095550537109375
-0.68780517578125
0.1265869140625
1.163665771484375
-1.12969970703125
0.2803955078125
-0.8319091796875
1.699249267578125
-0.787841796875
-0.78521728515625
-0.51922607421875
-0.224853515625
-0.63482666015625
0.28839111328125
-0.56109619140625
-0.56976318359375
-0.3868408203125
-2.3844757080078125
-0.089599609375
-0.03741455078125
-0.93701171875
-0.278076171875
-0.8460693359375
1.901031494140625
-1.427520751953125
-0.32720947265625
1.2467041015625
0.2686767578125
-0.8341064453125
0.47882080078125
-1.109283447265625
-2.0525970458984375
0.86993408203125
0.28192138671875
1.91302490234375
0.43524169921875
0.6192626953125
0.242919921875
-0.6861572265625
-1.436676025390625
0.11285400390625
0.37841796875
1.0906982421875
-0.276611328125
0.70660400390625
0.3536376953125
0.88751220703125
-0.78594970703125
-1.20806884765625
1.3089599609375
0.44110107421875
-3.0952301025390625
-1.200927734375
1.35693359375
-0.0545654296875
1.203125
-2.5929107666015625
-0.962890625
-1.3939208984375
-1.3441162109375
-0.311279296875
-0.41864013671875
-1.438140869140625
1.05224609375
1.16888427734375
0.065673828125
-0.42437744140625
-0.6705322265625
1.701080322265625
0.59295654296875
1.55596923828125
-1.338623046875
-0.6982421875
1.15643310546875
-1.427154541015625
-0.8690185546875
0.35986328125
1.23223876953125
-2.01666259765625
-1.497100830078125
0.35552978515625
-1.81341552734375
-0.4034423828125
-1.265380859375
0.2825927734375
1.484283447265625
0.7891845703125
-1.341644287109375
-0.291748046875
-0.1759033203125
0.921875
-0.8448486328125
-0.41156005859375
-0.01708984375
-0.40264892578125
0.494140625
-0.09747314453125
1.5733642578125
-0.56475830078125
0.5657958984375
1.049957275390625
-0.88580322265625
1.198089599609375
-0.27288818359375
-0.71295166015625
1.8853759765625
-1.086944580078125
0.174560546875
2.06671142578125
0.88372802734375
-1.479522705078125
-0.9222412109375
1.6396484375
-0.31640625
-1.523284912109375
0.62744140625
0.41455078125
1.540496826171875
1.020843505859375
0.18017578125
-0.20098876953125
1.214111328125
0.88250732421875
0.866455078125
0.2440185546875
-0.312744140625
1.536376953125
-0.11065673828125
0.27301025390625
-0.57904052734375
-1.4605712890625
-0.32672119140625
-0.324951171875
-0.17059326171875
0.375244140625
-1.98388671875
-0.44952392578125
0.6756591796875
1.641021728515625
1.247161865234375
0.7947998046875
0.36212158203125
-0.76690673828125
0.9150390625
-0.03021240234375
-1.138671875
-2.3332061767578125
-1.060211181640625
-1.976287841796875
-0.04095458984375
-0.81097412109375
2.53485107421875
0.40863037109375
0.9544677734375
-0.80218505859375
1.186737060546875
2.0450439453125
-0.0286865234375
0.47137451171875
-1.60430908203125
-0.29296875
0.52764892578125
-0.60986328125
0.4217529296875
-0.9075927734375
1.72003173828125
-0.36865234375
0.67889404296875
-0.20098876953125
-2.1000518798828125
1.0247802734375
2.7085723876953125
0.04998779296875
0.01837158203125
-0.03912353515625
0.00726318359375
-0.24090576171875
-0.333740234375
1.757659912109375
-1.073944091796875
0.307373046875
1.473114013671875
0.317626953125
0.72113037109375
-0.8485107421875
0.82354736328125
-0.0855712890625
0.1895751953125
1.71270751953125
-1.063323974609375
-2.5977935791015625
1.165313720703125
-0.9073486328125
0.9986572265625
1.149658203125
0.81207275390625
0.26483154296875
0.5609130859375
1.720855712890625
-0.97821044921875
-0.7569580078125
-0.3702392578125
1.142791748046875
-2.5181427001953125
1.083740234375
1.621063232421875
0.39923095703125
0.73779296875
-0.84228515625
0.20361328125
-0.0311279296875
0.02490234375
-0.79443359375
0.11346435546875
-0.94793701171875
0.09765625
-1.907989501953125
0.12237548828125
1.402801513671875
0.909423828125
-0.2626953125
0.498046875
-0.8592529296875
-0.24200439453125
0.61639404296875
0.46197509765625
-0.632080078125
-0.01580810546875
1.892425537109375
-1.042083740234375
-1.838134765625
0.93792724609375
1.784576416015625
-0.62542724609375
-0.3507080078125
-0.83013916015625
2.028106689453125
-0.30084228515625
-0.65869140625
0.43634033203125
0.0084228515625
-2.3837127685546875
-1.617584228515625
-0.61798095703125
-1.71875
-0.0274658203125
-1.22271728515625
-0.85382080078125
0.84912109375
-1.959075927734375
-0.136474609375
0.736083984375
1.609527587890625
1.120452880859375
-0.9539794921875
0.6937255859375
-0.80291748046875
-1.620330810546875
-2.02337646484375
0.15191650390625
1.30621337890625
0.81573486328125
-0.8853759765625
-0.4219970703125
-1.2496337890625
-0.04296875
1.896453857421875
-0.18011474609375
-0.550048828125
0.1812744140625
-0.29522705078125
1.144989013671875
-0.0489501953125
0.23358154296875
-0.58245849609375
-0.513671875
1.12530517578125
-0.6827392578125
0.451904296875
0.84356689453125
-2.6907196044921875
0.90185546875
-0.06671142578125
0.46240234375
-0.0853271484375
0.3385009765625
0.00250244140625
0.0413818359375
0.49169921875
-0.278564453125
1.09637451171875
-0.53424072265625
1.746490478515625
0.37164306640625
-1.436309814453125
1.51788330078125
-0.219482421875
1.940032958984375
0.24188232421875
2.0454254150390625
0.341796875
1.42193603515625
1.0950927734375
1.2261962890625
-2.0059051513671875
-1.3148193359375
-0.164306640625
0.077880859375
1.554962158203125
0.510498046875
0.58990478515625
-1.3448486328125
0.29937744140625
-0.45697021484375
0.4556884765625
0.5042724609375
-0.16009521484375
0.1239013671875
0.06591796875
-0.12432861328125
-1.14910888671875
0.80206298828125
-0.34600830078125
-0.517822265625
-0.1156005859375
-1.01324462890625
0.017822265625
1.10205078125
-0.1741943359375
-0.736083984375
-1.621246337890625
1.285797119140625
-0.95550537109375
-1.0892333984375
0.74700927734375
2.8219451904296875
0.8197021484375
-0.06365966796875
1.03631591796875
-0.60272216796875
-0.92742919921875
1.8992919921875
-1.3243408203125
0.7889404296875
1.365447998046875
-2.051910400390625
-2.573455810546875
-0.8226318359375
-1.028167724609375
-0.2864990234375
2.4560394287109375
-1.205780029296875
0.45703125
-0.59051513671875
1.36444091796875
0.40557861328125
0.74334716796875
3.0857696533203125
-0.65106201171875
2.6707305908203125
1.04473876953125
2.03863525390625
-0.83599853515625
-0.88641357421875
-1.63287353515625
-0.67877197265625
0.47857666015625
-0.7095947265625
1.3367919921875
0.88690185546875
1.2005615234375
1.549468994140625
1.37432861328125
1.94122314453125
0.0538330078125
-0.614013671875
-0.43939208984375
-1.588836669921875
-0.61993408203125
0.39794921875
-0.41644287109375
0.36260986328125
0.4156494140625
1.2078857421875
-0.18707275390625
0.94732666015625
-2.6132049560546875
-0.8148193359375
-0.2818603515625
-0.550537109375
-1.002532958984375
-0.067626953125
-0.44866943359375
0.680419921875
4.8828125E-4
-0.46307373046875
-0.6295166015625
0.0418701171875
1.385589599609375
-0.43115234375
1.036956787109375
-0.1485595703125
-0.22186279296875
0.25457763671875
1.2822265625
-1.137481689453125
1.3719482421875
1.70904541015625
-0.7095947265625
-1.5458984375
-1.317474365234375
0.8475341796875
0.17388916015625
2.0512237548828125
0.36181640625
1.173004150390625
-1.78997802734375
0.12249755859375
-0.07501220703125
0.38201904296875
0.89251708984375
-0.69781494140625
0.58990478515625
-0.4183349609375
1.307220458984375
-0.50775146484375
-0.6383056640625
-0.15032958984375
-2.2189178466796875
-0.451904296875
1.294586181640625
-0.600830078125
-0.79931640625
-0.8182373046875
-0.387939453125
0.17730712890625
0.51007080078125
-0.76397705078125
0.62213134765625
-0.20538330078125
-1.248992919921875
-1.35400390625
-0.53948974609375
-0.0450439453125
-1.6356201171875
-0.17626953125
1.548187255859375
0.54534912109375
-0.3045654296875
2.28369140625
-1.266387939453125
0.79833984375
-0.3570556640625
-1.330657958984375
0.5255126953125
1.692840576171875
-1.5224609375
-0.85009765625
1.463043212890625
2.0344390869140625
0.259765625
0.61541748046875
-0.13494873046875
0.45880126953125
2.4820556640625
0.86865234375
-0.77471923828125
-0.47198486328125
-0.44512939453125
0.47198486328125
0.118408203125
2.3533477783203125
1.179046630859375
-0.65106201171875
-1.19415283203125
0.1326904296875
-0.12469482421875
0.92950439453125
0.24114990234375
0.41424560546875
0.569091796875
0.6898193359375
-1.008575439453125
-1.976104736328125
-1.031646728515625
1.345489501953125
1.5330810546875
1.69476318359375
-0.42926025390625
0.03668212890625
0.916748046875
1.881988525390625
-0.57958984375
0.5516357421875
0.4224853515625
-3.0406036376953125
0.35797119140625
-0.379638671875
2.3844757080078125
-0.230224609375
0.46221923828125
-0.7904052734375
-0.232666015625
0.93035888671875
-1.82110595703125
0.89813232421875
-1.0855712890625
0.210205078125
-0.13330078125
-0.19158935546875
-0.74041748046875
-0.30126953125
-1.074951171875
-1.91119384765625
0.24334716796875
0.94586181640625
1.924835205078125
2.0228424072265625
-0.859130859375
-1.47247314453125
-2.352813720703125
-0.58984375
0.626708984375
-2.0286407470703125
0.50384521484375
-1.544708251953125
0.3203125
0.1590576171875
0.8427734375
0.6104736328125
0.8953857421875
-1.08740234375
-0.48065185546875
0.86334228515625
-0.14556884765625
-0.2757568359375
1.516693115234375
-0.77227783203125
0.24127197265625
-0.7255859375
-0.7393798828125
0.926513671875
-1.81744384765625
0.26727294921875
0.09857177734375
0.09661865234375
0.6246337890625
-1.22344970703125
-0.74468994140625
1.3031005859375
0.40179443359375
0.2376708984375
0.87640380859375
0.85516357421875
-1.089141845703125
0.98870849609375
-1.373138427734375
-0.51007080078125
1.48931884765625
0.48919677734375
1.28936767578125
1.436309814453125
-1.5704345703125
0.56219482421875
1.581329345703125
0.20574951171875
-0.492431640625
-0.09906005859375
-1.615478515625
-1.95330810546875
-1.0621337890625
-0.595703125
1.43017578125
1.9593505859375
-1.400238037109375
-2.1948089599609375
0.5142822265625
-0.1336669921875
-0.61907958984375
-0.63739013671875
0.3406982421875
0.569091796875
0.496337890625
0.16473388671875
1.1383056640625
-0.71575927734375
-1.599090576171875
-0.089111328125
-1.187103271484375
-0.22509765625
0.4281005859375
-1.222076416015625
0.18145751953125
1.855804443359375
-4.073211669921875
0.5714111328125
0.7713623046875
0.3729248046875
0.838623046875
-0.672607421875
1.21429443359375
-1.17987060546875
-0.1141357421875
0.05615234375
-1.0526123046875
-0.346923828125
-1.756378173828125
-1.651824951171875
0.61798095703125
0.01483154296875
1.734222412109375
1.20147705078125
0.59356689453125
-1.477508544921875
0.89569091796875
-2.5462188720703125
0.19891357421875
-0.04150390625
-0.888671875
-1.05078125
2.525238037109375
-0.83197021484375
2.8116455078125
-2.5457611083984375
1.308135986328125
0.60113525390625
-0.38446044921875
-1.232696533203125
0.55999755859375
0.77783203125
0.44476318359375
-0.597412109375
-0.089111328125
3.1266632080078125
-1.590118408203125
1.186370849609375
-0.2222900390625
1.320770263671875
0.03033447265625
-1.3074951171875
-1.64642333984375
-1.261077880859375
-1.99835205078125
0.03253173828125
0.85968017578125
-0.67535400390625
1.493072509765625
-1.809661865234375
-0.26226806640625
0.26385498046875
0.3048095703125
-1.0394287109375
-1.271697998046875
-0.41253662109375
-0.51763916015625
0.69091796875
0.60198974609375
-1.341552734375
-0.349853515625
-0.2279052734375
-1.707855224609375
-0.6524658203125
-1.748504638671875
-0.34552001953125
0.844482421875
0.31256103515625
-1.266387939453125
-2.4706878662109375
0.2208251953125
1.03302001953125
0.557861328125
-2.3817291259765625
1.01727294921875
0.07196044921875
0.82830810546875
0.40771484375
-0.53106689453125
1.749603271484375
0.35418701171875
0.3485107421875
-1.746490478515625
-1.007568359375
1.1639404296875
-1.13592529296875
-1.448028564453125
-2.0590057373046875
-1.446929931640625
0.75006103515625
0.83856201171875
-0.92657470703125
0.69671630859375
0.0245361328125
-0.411376953125
-0.750244140625
0.13104248046875
-0.61932373046875
0.143310546875
-0.08062744140625
-0.1258544921875
-0.47918701171875
0.1527099609375
0.4368896484375
-0.23883056640625
-1.453887939453125
-0.1776123046875
0.22503662109375
2.1781768798828125
0.17864990234375
-0.14654541015625
-0.32421875
0.24774169921875
1.2349853515625
0.11407470703125
-0.4805908203125
-1.039703369140625
-2.731536865234375
-1.5089111328125
-1.32635498046875
-0.68084716796875
0.74200439453125
0.2750244140625
2.907623291015625
-1.56695556640625
-1.4129638671875
0.26226806640625
3.448089599609375
-0.0123291015625
-0.883056640625
0.77545166015625
1.647796630859375
1.305572509765625
2.2552337646484375
0.419677734375
0.10321044921875
-0.94525146484375
0.75445556640625
-2.25103759765625
-0.19940185546875
-1.7279052734375
1.509735107421875
0.55267333984375
-0.17584228515625
1.564849853515625
-0.58526611328125
0.09027099609375
-0.62249755859375
-0.9168701171875
0.16229248046875
2.1644439697265625
1.021484375
-1.8524169921875
-1.94488525390625
0.75848388671875
-0.4620361328125
-0.53607177734375
-1.759857177734375
-1.687255859375
1.404083251953125
-0.80517578125
0.2769775390625
-2.0777740478515625
0.51727294921875
-0.6802978515625
-1.3360595703125
0.10235595703125
-0.4964599609375
0.05828857421875
0.11053466796875
-0.61773681640625
-1.07550048828125
-1.585174560546875
1.864410400390625
-0.203857421875
-0.3138427734375
2.097991943359375
1.24505615234375
2.4748077392578125
-0.67510986328125
1.422027587890625
-0.03814697265625
-0.5654296875
-1.8765869140625
0.4822998046875
-0.5858154296875
1.494354248046875
-0.798828125
1.30877685546875
-0.6243896484375
0.45697021484375
-0.01416015625
-1.532806396484375
-1.31243896484375
1.11065673828125
0.5111083984375
1.794647216796875
-0.1995849609375
0.4649658203125
0.90863037109375
1.573822021484375
-0.3267822265625
-1.770477294921875
2.060760498046875
-0.48077392578125
-0.16827392578125
0.67083740234375
1.29559326171875
-0.2003173828125
-0.26544189453125
-0.6519775390625
-1.58270263671875
-1.1595458984375
-0.51361083984375
-0.27008056640625
0.66314697265625
1.608795166015625
0.30426025390625
0.90203857421875
0.92462158203125
1.681396484375
-0.17919921875
-2.507843017578125
0.51190185546875
0.335205078125
-0.8707275390625
0.93792724609375
-1.016265869140625
0.561767578125
-0.7120361328125
1.433837890625
-0.24945068359375
0.30450439453125
1.431640625
-0.21142578125
0.0694580078125
0.20037841796875
-1.46295166015625
-1.346038818359375
0.78790283203125
2.6190032958984375
-0.489990234375
-0.42864990234375
-0.94921875
-2.493804931640625
1.10205078125
0.48974609375
-0.7867431640625
1.398956298828125
