1.2909622062873924
-1.6778988715845653
0.6259060578629718
-1.4265533031690587
1.1482496013197814
-1.4355947288446862
-1.1335068429668218
-0.465687661444779
-1.2452269314791433
2.0813694895778756
0.773020612207493
0.6316521952508788
1.1753737850810941
-1.1053902598577325
-2.2705036322138765
2.515153484152533
-0.5022128263540254
-2.783485419932784
0.8520958203725795
-0.04706657979335243
-1.587353489555692
-0.6443786244693979
-1.0461548805331913
-0.4790570860199925
0.042654971340147084
-0.8330517654803284
-2.0594124849322215
-0.0897785421233371
0.3662619992044372
-0.24091882017141789
0.06900355605754359
1.2253823927927654
1.5135768531196303
0.7125446121271816
0.19164847514488978
-1.1297401809850023
-2.9374636531479594
-1.594122090589962
0.7134046476784741
1.3822127898639127
0.3512808139856399
1.799273745737456
-0.3501872889241324
-0.8555691963489691
1.191502112380247
-3.1656470670533436
-0.09515978475807617
-0.4790723227972393
0.9515348706064916
-1.1197107646742739
0.5361478755366276
0.057653379860013655
0.6618100679902877
-1.2900444852734991
1.4780911392370557
-1.2204586392330292
-0.7451609407788012
0.942146842401667
-0.2615873576585139
0.4495413111971707
-1.5173127790538596
-1.5460380072112436
-0.19959018369713866
1.1965149870218466
1.2444127632517668
0.5460141132390453
-2.4900513530948665
-0.656817405782785
0.7200930196001278
-0.1420864972349991
1.0424978822154618
0.4458689260156942
0.9439602600127592
0.7819891151500858
0.43519246071657386
1.6160780823175527
-0.42374329904454694
0.13944799996019194
-1.5532405614095381
-0.4252061998895377
1.618480947087779
-0.02617624200486955
-0.8500361238724231
1.256565630469891
0.8036249218556895
-0.6419664945773651
1.118751607552225
-1.6524509117853914
1.151863313019477
-0.5794223812603395
-0.29444789366468077
-0.0580530159266783
-0.8436696876460305
-0.6973166077336116
-0.26618189120871505
0.8992838388235135
1.071731037999101
0.5500360343021444
-1.3589118771561208
0.10265237238422598
1.3200091425740874
1.2081552628959438
0.3162818042796703
-1.3974452484794675
-0.4183754365199105
-2.7201252136797316
1.0136312977819468
-0.1913860869746351
3.0330799306416054
0.8903690504974933
-1.6043130613583085
-0.6191669648856206
0.34762866379220403
-0.366065578140607
-0.3892439376894093
-0.4107277691226602
1.2021184413645665
-0.3559973541684624
1.0811047100647515
-0.7167155260685644
-0.521753246131029
-2.568375954528987
-0.03858039314550715
-2.119876412011235
-0.7875999580221829
0.21709152351365368
-2.101855176217208
-0.10468740918717111
0.3489868160103815
0.30205453244768576
0.777807636768154
0.23133004024847184
-1.2979173365787393
1.1768506051174614
1.0505053394621884
1.8887774390048706
1.2873061244190012
-0.46114687169780666
0.8318700666514273
0.7842048421870133
0.15650913623086665
-1.150790875149902
-1.518241907807461
-1.6822964970367025
-0.22276559450457017
1.127949628949059
-0.04045184111374829
-0.18076471798407026
0.08108110595234921
0.46652849645296113
0.26560936732649887
-0.022664570729130477
-1.4291434258794191
-0.4909497085080207
-0.6420223747156736
-0.6581484841454325
-0.49449044393448516
-0.41659281292100275
-0.2755934598118225
0.8734729027728868
1.5886620735818708
0.5044434419553844
-0.4368762611321802
-1.767200582036268
0.07222526055769826
0.8849356601159555
0.6867267741294201
0.2627462780715109
0.7992682483540208
-0.7901425374153069
-0.22255383857407887
1.7227878359646303
-0.9626303456611344
-1.8175162868228942
-0.8794808588873809
2.1542124408942884
0.2819060801041928
1.3222199856268164
-1.3592466877477687
0.0030598926965321924
-1.3870318015003644
-0.09223413184759312
-0.1883830676740964
0.5227637708776696
-1.563483079119126
0.7999248491461907
-0.046943256331451744
-0.9401264310956815
-0.23847239022686242
-0.07751534591584337
0.174928214444965
-0.1692066268565442
2.237781988982972
0.5590938616791021
-0.9248107275713897
0.6448065447722239
-0.7844286512435914
-0.20662479207228565
0.6474605101852644
-1.0679684847039317
-2.482198551817587
1.803440975298952
-0.13192486306620485
1.0991802516116491
1.4506437548425355
0.08499835544162838
-0.551835911785045
-1.092632181618488
-1.850175264957301
1.4651295769405448
-1.5205156161017728
-0.8143645794740559
1.090924923810691
0.7769172159738356
-0.8756878917443239
1.6606564603399212
-0.30751433984223475
-0.5691929089802683
0.2557278716380407
0.307931988758747
0.9508109379585553
-0.1537947589228135
0.2941274827081738
0.13104873645946136
1.8116349635746665
-1.7745014438307547
0.9879331099097316
3.6799108253031743
-1.8113517885102872
-0.5386868504305734
-0.9503626463233467
-0.02562994456020204
-0.7107531486479441
-0.23468895551367372
-2.447979310106116
0.5241983046931324
-0.21181305879888118
0.7110269635675028
1.3091041040287044
-0.0867920834327605
-0.304962135403989
-2.34303675902328
-0.4187301143912232
-0.17420374727755641
-0.6142205354994493
1.6520837598299996
0.017153444342515582
-0.13011111133150094
0.3221971562860168
0.261928588703284
0.7242469883086546
-0.6804056355451671
0.8437369050765807
0.2759191708364287
0.22553409303205652
1.0187390274639911
0.7534784386134294
2.448303550121699
0.4466903335594005
1.1808645020362525
1.2971490894482853
0.20824652638886962
-0.9235808782976025
-2.1285325013741154
0.7979404300639658
0.07099686969196703
1.6902164881833206
0.1712530649676527
-0.6983195553237753
-0.5896382943704724
0.44416939977376796
-3.6064224437622134
0.26730631722982284
0.6326584410927583
0.10465581498786779
0.5010497870487055
0.01682454710661829
1.0824274509633143
-0.5376627742156257
-1.2909614464533392
-0.40146002897258215
0.2653446882970274
0.643415967473592
1.8423495332022546
0.14598295514642964
1.3732134051120286
-0.2281510629279863
-0.11319368129761131
2.162835762677628
0.47046778108402215
0.3412590555357128
1.548098461854519
2.0418042474911426
0.3146354721820198
0.7434747250364113
1.8918443395950586
3.298152614643524
-1.5083935910042545
1.120470569041989
-0.19230028435292437
1.474479429101578
0.2619945676506496
-0.5192975104397263
-0.5956699893912419
-0.12572499245765045
-1.2462748127205912
0.059807910658029304
0.0792426591214774
1.191874874596374
-1.868160395961918
0.3433400561275499
0.3226563212096999
2.2197598230650044
-0.5651503398593061
0.6770224131631783
0.48317720133397307
0.6377247103207725
-0.03203501138814912
0.09209448769369227
-1.4755751665751877
0.22006394093241233
1.0945462777166175
-0.48756146059758276
0.9771047466573487
0.3908198248694835
-0.2947175728389524
0.9850728031302521
-0.24231353991055932
-0.3421612291858376
-0.7288824751653897
1.4560323809496523
1.323042841032798
1.5393163344004164
0.13833548530319242
-0.5755757937451396
-0.3116844974616589
-0.6650831785543797
1.366999742377021
0.699469340775051
-0.9437441660755849
1.1042536112439252
0.17603944074375208
-2.337275641147718
-0.4519461724977724
-0.13375807529610143
1.509277196792491
-0.18513217224513964
-0.9739969707723068
0.7366623550856708
-1.116614515713311
0.9709175640351645
-1.1915124557802566
-1.3158166846331931
-0.11990041498075106
2.328808458384814
0.18984956122636643
-0.7517273161224415
-1.0032027902314593
-0.5521180771075634
-0.46496217223671277
-0.36729054072994294
-2.3690552823393634
0.3144912336919858
0.7966936205639539
-0.4702195470089459
-0.6222659136651296
-0.46638168608685493
-0.1773245081081729
-0.883896427787148
-0.28118469031107834
-0.8223014361890197
0.7907323497194295
-1.5052956155492145
1.649781639373717
-0.3473555518513443
-0.3904832663179657
0.2509835747021715
0.5243801045346353
-0.8526113900240895
0.3351970871749364
-1.2940131768912633
0.4402085577980006
0.010554851243842072
0.8543816689955495
1.2011954696468194
-1.1675736594111814
2.008399079994987
-0.015097470620113976
-0.04402731877763483
-0.6835037268622518
0.6241309155874185
-0.5061420299718362
1.1782428319626566
-0.2051735021156301
-0.782944138580283
-1.2984165932530491
0.07915093834258416
0.4886675186685012
1.3477985180826835
-1.8624499044835874
-1.3928139292237587
-0.3363684031822927
-0.6409568014060716
0.6948587688385925
0.37945892129722164
0.8329592469381841
0.29330083394859924
-3.1888238540415013
0.042692919784401255
1.8297412796586239
-0.3055284257629932
1.5272714578829558
0.04479309064438415
-0.7192892531218937
0.8609458768305823
-2.2090318274159575
-0.5376609185565393
0.8922185675216275
-2.0720127280509524
-1.1284627629991155
0.38737827450878576
0.8494513289853601
-0.12338882424452485
0.9718125627427481
-0.973166235386854
-0.12349056672880761
-0.9449469051140105
-0.33400839166875923
0.8929917891243707
-0.07827045440807591
0.6765293583529649
-1.5635387465376356
-1.129242097550822
0.11232963268962048
1.857483626547168
-0.3949785451142582
1.443214212185451
0.42074252210226676
0.6384701076982703
1.0103357334277168
0.3460090479467319
1.3587975703851305
-1.2613039875337189
1.5560932606918843
0.19119476313805742
1.092391214990259
-0.46449525192300045
0.4695409776139098
1.9034226751289391
-1.8801514634598808
-1.1226769262885057
2.259799055955297
-2.477486767001258
1.9541571058753615
-1.277379974219564
3.744872467701411
-2.618166915136383
-0.7563808324266085
-1.5143576731606323
-1.1371763067517715
-0.06767814238926523
-0.7695353886615279
0.4848911988850095
-1.4060301109172764
-0.44261591399774836
1.9708839519006383
-0.29888215327665685
0.32934124667828696
0.1363501955766996
0.5523367023948696
1.2110356287275708
-1.75564431223563
0.19691269128556035
0.9333196234399859
0.6365542689096808
1.264141220508214
0.47181722759252576
0.6750896441848441
-0.9620120572588982
1.852001475939503
-0.683845993890733
1.6254586062707725
0.3715685747853034
1.0627869267728975
0.7859469970974042
0.09179636406544593
0.28079895787447795
0.10093439657620633
1.8558827108983666
0.0743148605740074
0.4787558472297355
0.2327910912910404
-0.6410941695392918
0.11169279537502817
-0.9793302010464321
0.0730260004779118
-0.5060735833294205
0.06367196109516442
1.0039239200590622
-0.2667906831217169
-0.14697889789439708
0.6169649858252312
-0.16236743205404575
-1.686056714341622
0.9701137497405011
0.26111618684841653
0.11517486820443458
-0.5010501958443873
-1.601039370134717
2.410944022536692
1.6574487613760542
0.8455178331882344
-2.175756132898596
1.1148147084597027
0.4055110533618072
-0.2754299131054258
-0.4650972329718086
1.2817984109690659
-0.5942473364015779
0.8464138305651154
-0.47187367099312105
0.1092481946828026
-0.7403409146497096
0.4020139121073538
1.1602527223751766
-2.4657832100019696
0.6806506081555708
-0.02976494718787338
-1.6091991278732818
0.6142601047928062
0.07209798715911624
-0.7552837753575938
-0.05380064171928744
-0.015178033994044784
0.09388238776344743
-0.5000456955913283
0.31727870456683
0.3015904623301688
0.8160666933786705
-0.5258214170461933
-2.3353555473745056
2.0788807406238976
-0.02866648208002748
-1.255003567181537
-1.7672016379719848
0.4892563253276681
-0.06878451468992935
0.6888314812263108
-0.374500094801765
0.61155932096302
1.4651905541523784
-0.27785218211256024
1.0023035695699962
-0.8600817599571601
1.794238119068072
-0.9146244211617859
0.07004866228857778
-1.1148367878848968
-0.36946182464220717
1.354004234981701
0.8867780198455187
-1.3715647384896483
1.1936588774362864
-0.6835937406508953
0.6727423729601826
1.1892032811521547
-1.5430968953339206
0.8241822659296417
-0.7086335438506091
2.505829305242719
1.2147970278892746
-0.17472492397291745
0.5858198706535857
-1.6812374986918153
-1.3530102517091027
-0.9013888741258879
0.3381630259407697
0.5144113114550893
-0.04200233250373373
-1.215100627330488
-0.3929159959036093
0.8509754348235087
1.6172788307625445
-0.34244496584888284
0.3763001512717643
-0.6628238471131478
-2.1599088413093304
0.802994720433801
-1.568926587106463
0.29341710424286477
0.015929079597860565
0.4541439943433878
-0.08428348997606164
0.6450056870450449
-0.6364679411837967
-1.4427770125284216
1.0769337834393842
2.254448936032285
1.2942098061947553
-0.4744383997106395
-1.2884343711761188
-0.10109634959932098
-1.8178698876398844
0.10994829784269344
-0.9138218327071046
0.13025966935148756
-0.7818899026656033
1.8988239765187263
1.4307909332519957
-0.24976598121887222
0.5675750783130112
-2.441707775348819
-1.0736000469152682
-1.059987374051877
-0.12319872419886427
0.013658841604647799
-2.3369389786424883
1.3251279302956163
-0.948346221841499
0.5900767571913648
0.9254258999639647
0.46294175486271877
0.3179652066881908
0.230199215890634
0.7902148839487073
-2.5967185931966212
1.2377333303040507
2.269959620110556
-1.1863707388343723
1.6282134466155798
0.7592042114636655
-0.45394203429341373
1.5460616200413182
-1.594362404965944
-0.47354792131290074
1.6827784265607506
-0.19888503766620474
0.6590381074727591
-0.8430873173463344
-1.0202046419457664
-0.5980138034504917
2.1018400664340757
0.07459271889963286
0.38840020274337245
0.049201948822921254
-1.3556940487058344
-0.21369967354377198
-0.0717516512413127
-0.4076940559145388
-0.6141492767914493
-0.30274363043739394
1.0925091095005213
-2.5455036072144615
1.48012616663045
0.13623727353010176
-0.3037650329313569
-1.9232355460583075
2.06520851424649
0.9711608156727334
0.17576620129775433
-0.5493297338805082
1.0490716410754113
-1.800173520512383
-0.5325296610631327
1.3727257212860269
-0.5605757220883795
0.46838841790402597
-0.03538150391468645
-0.20611246090035484
-1.7734540587649157
-0.014814381141174993
-0.2623674483457985
0.4836284341862317
-0.22969973223784595
0.2998367160971478
-0.9703347168958676
-0.5132226236169836
0.6668842280662522
1.1735934201812557
0.6679915030322453
1.381709272247287
-1.2614298206073726
-0.7550655591226865
0.6777836799137263
1.3015826202480627
-0.3392484521944821
0.20786946761844471
-1.0594235645326684
0.34731217724238655
-0.19833027804386705
0.36396921177013364
-0.4865311689356518
-1.4377323874514394
-1.6107656554227012
-1.8265164499086617
-0.7886050466804503
-0.28587718329191797
-0.6299015284191013
0.5958919546567826
-1.0390209827763717
-0.04633183602426849
0.5200139106357671
0.6401063079521825
-1.1153040345754224
0.23054830833437898
0.4181375929905412
-0.5230328183118611
1.0462373006588328
2.517591218614832
0.5512577020507468
-0.14931946086050427
-1.148398527418765
-1.3651921067340136
-0.9049870713229965
-0.8230767062003693
1.8328016913843679
-1.6049785436004662
-1.2428354689148198
-0.10848215952025643
-0.03660060424334681
-1.2668875051312167
-1.217672790866135
1.0609693995486014
0.19307110173460565
0.5267087281964119
-0.7750508932285476
0.5724979397578834
1.0743365285215019
-2.261163439838674
-0.23521736953575112
-0.18730010481923356
0.5152103914451129
-0.32331369538224597
0.12693687965078954
0.5256863725048757
0.11097656584141316
-3.0881533002298998
-1.2872738591638535
-0.8894483518951745
0.09215365423574472
0.1285160432787396
-0.8815599697015495
0.7695944200990391
0.6439481718560877
-1.5930613648731666
-1.51284874758019
-3.0032618470606725
0.38797007134599293
-0.7757148676706346
-0.31845266541128914
-0.5444364161264774
-1.5145719644053024
0.5557285039613575
1.2911405200274426
0.9074650240083796
1.006684030013228
0.7579242843357278
0.6694208354035516
-0.6641781567946162
2.8353805866630313
0.4596370748802348
0.8893360384967043
1.284308584999176
0.5003997568657519
0.6801462111409726
-0.616382002134572
-0.48293179241748907
1.6352148267769042
0.24450424396636944
-0.8005457230055016
1.123154154939655
-0.10799497752693171
0.6183401975145051
0.018001325819587258
-0.10014163732581259
-0.8156976020202871
0.5429621446826506
2.6481565638704376
-0.46718691337405094
-1.2857471942557785
-0.7830271548514959
1.3727648583114356
2.038283551509679
0.5685109727848682
-1.2236170652691345
-0.6851344000078666
1.432855815826811
-0.04985983732538294
-1.9900464413119536
1.3266961676253828
0.7880366245895811
0.75517817035099
-1.4310124680566194
0.7731948964624564
-1.8310736741088014
-0.7572460374899374
-0.9683696908644945
-0.43862557311715544
-1.446658681195596
-0.24840110212265581
-0.07870859794780281
0.837399094087883
-0.6658408317012994
-0.587510824968018
-1.078382496310962
0.9267653319877572
-1.1556448291968446
0.7051521307098262
-0.6580966452377552
0.8205176907509056
-0.14491421704641685
-0.5900679059584754
1.2091640317668828
1.314609375239365
0.2029062433382316
1.2161206699435478
0.771615249597365
-1.976229742717045
-0.5004343593061743
-1.4390273230217676
0.11536339443516942
0.9190298385134553
-0.11400552401759043
0.6512058903856278
0.6437894005358178
0.5910123690777022
-0.567341205028764
3.1298303102743277
1.8728020547928284
-1.9698775512945306
0.9592562053394745
-0.19878885232339658
1.7809692486386945
2.1003482887548683
0.9982273252045144
0.027333318814583233
0.34985170450753494
-0.004930324485905846
1.8563154686338454
-0.2681955412232579
0.5943609490428637
0.5803714555374656
1.9946440135046817
-1.2413107125393097
-2.0090141567615416
1.250332782031758
1.3412208562716086
1.3039010450424862
-0.01724801684116787
1.2317852033751877
-1.178001902387401
-0.21859761101247058
0.07937193105696345
0.41855603618419235
0.5853614110142754
1.3044324255194288
0.4117302775406231
0.7846792865528233
-0.21047441403201717
0.16270917599147763
0.1630756579746817
1.5165794844970502
-0.35040160993483344
-0.1227946133169659
-0.4213438928125541
-0.8362129427283704
1.4954630646986364
-0.6074862688729402
2.1407291555970653
-1.3102768227932013
0.18530835595487155
-1.2230145951197806
0.6391747460716117
1.0088090394439786
-0.0782945815551253
-1.141640188743722
-0.3309338293239593
-1.6997375044957903
1.0625671903244664
0.6857504049774982
-1.7571029859393756
-0.5727413212525045
1.3227397071378648
-0.21731324056404672
-1.1759810512447966
0.37107818751281185
1.3432390724781298
-0.2744697233094069
-0.042268536354730796
-0.15414770784785112
-0.788408521963119
0.8173105265559261
-1.5990661827892612
0.0992759065995329
-1.3550232433502047
0.6521650195460922
-0.7742031299644345
-0.9219668853613414
-0.6922018882628059
-0.09802624146316355
1.045772127698302
0.6768097438253055
1.5802845081257797
1.795752877546782
-1.089924819573457
-1.8209161150402964
-0.24372441262131933
-1.6578365429714805
1.662232038045005
0.20631322263565202
0.19113076370010973
0.6051190684761297
1.0815609517846758
0.21731557758861855
2.1530172299693784
0.310748526741528
-1.2852659550200733
0.7202740054900465
0.7189279120092538
1.3641879304206321
-0.5308066616617909
-0.8893535026851066
-1.047568788177387
-1.3110213014698953
-1.5277831398419761
-0.44024613229212817
-0.11192051351450208
1.4694205355548744
-1.922678788852825
0.4544026898043785
0.5197915226750203
-1.1005730193632273
-0.6987693413929654
0.26585767519509923
-0.5384178496775064
2.0452181438828414
0.5673473970842551
1.2187406902550557
-0.4630199105879737
1.2493555755540346
1.3464518295147034
-0.4404964923295678
-0.31803225764162474
0.7861879096254943
0.594696799750294
-0.5771589367341586
-0.4165923598518888
-0.33918644889234323
-0.02930254208366619
-1.6919925787892474
-0.065080709813777
-1.4494519492103948
-0.4523145844802616
-0.1427025706586528
0.29808618576279283
0.3756429847764397
0.6043419407399337
0.3921912513458749
-1.8044307114859837
0.3472937182786784
-2.137826896206661
-0.3792834003998075
0.7456649515371924
-3.0131362558333588
0.845310251366055
0.9794528505798679
-2.4477676858371042
-1.59521505252672
-0.8834106704222472
-1.0000507563999654
1.3625071269572546
1.018909980213582
1.5463742889908576
0.20304518500057744
1.5107275034484104
-0.4564055179425379
-2.265979722510217
0.019169430424753057
-0.5806806269749587
1.18879364907322
-1.28380998414052
0.32090769141287256
1.1637916269586606
1.13877708911655
-0.897674671053527
-0.5286505146052645
-0.0809719690291281
-0.13510225125653358
-0.792395011579818
-0.6548305134046439
1.5968404797224995
1.5091002909840292
0.832340380731701
-0.8996318645969595
0.5225299854480535
0.015318198459171945
0.4156034975255618
0.6702924392658858
0.22569570268788564
-2.300563342138769
-0.7767495301950729
-0.8583685328284982
0.2305351149761353
-0.017824531053063638
0.009646686787939108
0.15569622901589414
0.7091435944785442
-0.3769434209276291
-0.3550010079796389
-0.5641249589547127
-1.072410127460339
0.6738443640018233
0.15259149601421604
0.11451848349224512
-1.5162317736686515
0.3056559590567836
-1.5643145031649874
2.2491226663505346
0.8116250747526838
-0.43944633079716217
0.11829190832029605
-0.23217132241018462
0.6743766490017424
-1.2891018321915582
2.2230186672201717
2.4221985899761753
1.1893501071290227
1.2977301905062915
0.4918306736077561
0.08659040135903912
-2.268384854442094
-0.9729628087976125
0.2553769376648808
1.5163825610846373
1.8804696358559432
-0.5655217253364876
0.269043246277879
1.5329604102396142
0.03915273207283344
-0.25522758080882213
-0.13654964790865992
-1.7170373914599928
0.24348649461694286
1.3470846834950712
2.6264661609593003
0.0955716171678577
0.007389076375109461
-1.0298275494576117
1.3074924760497568
0.6579972198563021
1.7274276001851574
-1.0210575152601307
0.3497833040540662
1.664554557488842
1.7729004421190198
-0.05778548395671938
0.14141434306590728
-0.4736411981033101
2.576166452451261
0.3976526007017027
-1.731253887236436
0.09448388735863833
-0.47365866736414103
-1.3310751266328855
0.5126878279864548
-0.15780906629204014
-2.19259301735306
1.3957326379385415
0.951483867026098
-0.2009497341447191
1.045051849926596
-0.22616186293164312
-1.8092913179489336
0.9597950101053357
0.594864564254807
0.28328102721642756
-0.732640250390505
-1.455138406047318
0.3683891355454798
0.30452889134919253
1.5202188442811173
-0.5997636209235637
-0.13595550553268704
-0.40923828765455195
-0.024730260293626766
-1.168016976543168
0.32487796848373784
0.036633312510893135
0.8875225121422723
-0.3105370133063025
1.3643233010785856
0.7133289041393489
-0.45682633997310934
-0.6914104655522775
0.19887696794518603
-1.0727966882898619
-0.9217292912329951
0.22659223970439674
-1.188344919745957
0.6169787077733885
-1.9029863061538148
2.462586954235101
0.2978602162948512
-0.07810546111111037
-0.7607832251553495
0.1567965675182004
-3.693217681679742
0.17006905111254977
0.9094975492325384
0.3630813282154776
-0.30374131016766337
-0.28269914466952456
1.4157177671917123
0.3930659481548731
0.7662752082896572
-0.15091107083309213
0.447117300513823
-0.7324739286895009
2.3848056022546014
-0.43368444358495123
0.1637210214287536
-0.22117513080903825
0.7046943349068573
0.4040648647711513
-1.878603887897713
-0.28404139032670656
-1.0898279826110977
0.15960741788351596
0.028642954708191358
1.079832841021685
0.024739840426706405
1.2827899530983036
-0.14446563578716995
-0.9688733264856538
-0.07980857883583607
2.226211395539346
-0.30737714121596904
0.1577601837756292
-0.9733508931955522
0.2371806541371064
1.9744749916949644
0.3524845933294286
-0.6015422934326918
0.4565847704902264
0.8237332969684675
0.04239781497584226
-1.7517099937716456
-0.8354966851405917
-0.08254782840825964
0.18624188534552372
-1.6920336217603122
-2.193565264811529
1.0934355926209574
-0.8497888848801235
-0.9614986921243385
2.411951434783617
0.23201855349924663
0.9917831572363442
-0.16767606010139896
0.6672586328267565
0.7845017602529043
-0.7305357107830577
-0.4232378415358431
-0.06620916425401598
1.1998537183369276
1.0151309271840097
-1.4313497427815463
-2.384140339376159
1.7085823469763963
1.6738779372386074
-0.9538539967135246
-0.2208256418275559
2.2800723306336215
0.5322598793606071
-1.4915791734981654
0.8734373663045805
-0.037466586940483
-0.34060696675754176
-0.9982027385041408
-0.6306249907541704
0.20918992871099962
-2.8642942337110386
-0.28558676719234316
0.24732566530679925
-0.5251344051574144
0.834102868197776
0.900024978061644
-0.6168943764750157
1.7488235814598967
-1.4537337975531306
-0.7020511587817657
0.7532191858200572
-0.19843923194542343
-0.206359495810944
0.4220183824513855
1.7759050060828045
0.3153114375198236
-2.049305164168069
0.09645234456053663
2.118013330212027
-0.6084594077456886
0.2587442613134414
-1.5713197630929492
-0.903312142085775
-0.30698075159669774
0.4794465899768029
-0.35218466951808597
-0.16154140834957037
1.8170453736998042
-0.20932255204642297
-0.6397954096590299
0.7539283503371955
-0.7785856054867057
0.30957533670040227
0.7097912177457445
-0.6047823144599617
-0.09281292060628873
-1.0065179599618765
1.0189759136845138
-1.0313325316885122
0.27665837480984146
1.7768058218523417
1.5972135867979727
-1.051372124094891
0.8367099810573453
-0.040515306255649024
-1.9381928578637335
0.7356306003599884
-0.7162762708440191
1.1053304152547934
0.6234408155871735
-0.5867667548038743
-0.3952636054304561
0.2245846192812324
0.9744886033343967
-0.5149602894817256
1.1570210041769986
0.5638962061036074
-0.14311256764713617
1.218541832972272
0.584378623773133
0.062166634215851266
0.354884991932696
2.393784389109565
1.3852068554165702
0.2619627270416277
-1.9022071776228684
-0.8415008907590215
-2.554106075630877
-0.02489361028511723
-0.3576562411982225
-0.17916663321726392
0.5916544392739783
0.9221319926166375
-0.5948629134492125
0.2576439380499333
0.7832633130660758
-0.7965621715379433
0.865424616090429
0.5314437442193689
-0.2834843981111161
-0.6757130145230976
1.379886661987587
0.12864323943920153
0.3220607991837684
-0.5043197829850707
-1.1268931244509
-0.7820873598207791
-0.04742819274465396
-1.6656942654643474
-0.04142877433488511
0.5868363555197125
1.546455889267963
-0.11971205180097495
0.9741852543929224
-1.426701269222608
-1.3078562634394788
-0.973187114260356
-0.7390362084978953
1.5352422943158384
1.608452684637105
0.9346520116210348
-1.325410778277929
0.6906699948897593
1.7293228410073882
0.7804015128149483
-0.590732237676466
-0.23542416571634117
-0.23543455694252108
-0.937562285570611
2.3139597108292747
0.029561713703209685
-1.7661535340997665
-0.8740975756076891
0.8425656460500186
-0.1570496291152518
1.3600392522459128
-1.9984055684628168
1.352068392713262
0.18542992153263127
2.9495842219416595
-0.2723145789016558
-0.08083746752658706
-0.15161902594500673
-0.24650925961060044
1.0075067812637306
0.60845138446715
-0.11224280514695706
2.1767926479645205
0.8650671445502043
-0.779611592014116
1.358413696132903
0.1549451413121617
0.12754829223256153
-0.2131715099487593
0.35097382531941523
1.0296210059491557
0.02558838724452124
-0.6592562551784754
0.135612893299932
-0.7541813898470394
0.4537613251769257
0.8497684564572507
0.6094980835073819
1.0790840370762542
2.0046035807964637
0.8456042929015802
1.0917461168331537
-3.2611109781119105
-0.00795549574706294
1.0911110137836433
0.6183923088211818
0.8558080537374104
-2.227859137085814
-0.061606280390829986
-2.6682669263097294
0.17316547466425705
0.36406356579851684
-1.9753927514608856
-0.3490356682320941
0.6399891681878823
0.1345312986864542
1.36194472805195
-0.8197462783508747
0.4317394930838
-0.8479846055695901
1.2343425031163218
-0.919370088904672
-0.11923445918065304
-1.5124237614248537
1.7861021105649977
-2.6948374556528623
-0.31082422361685386
-0.6219100332665387
-0.611807026256507
-0.35314656296926117
-0.6078037546126405
0.35669240939743846
0.4418446320300073
-1.1161491554347276
-0.5401303726963589
0.9311872806210383
0.21866200817093395
0.22661982695763902
-0.2271360625220932
-0.020970189499190307
2.909298980025214
-0.755160694899714
-1.068820062390165
-1.1650250818878582
1.4996475926959094
1.2475833708980153
0.32600270945389564
-0.9973111668771367
0.21276471471746888
0.3909937251787659
1.2948397561540883
-0.17493112319449755
-1.0030407474816945
0.9432887681930147
0.8074713872322009
-1.136559448519119
1.8158577783093741
-0.9629277668990422
-0.40545472428520296
-2.013683603319514
-1.145319784231467
-0.4116013501174667
0.1650154239116252
0.4475734539178985
-1.8286171823090729
2.2877247522215685
-0.261891303881975
0.8102322073416961
1.199653635677966
1.0682082246783247
-1.6081777898423473
-0.05357435512729264
-0.5035076219921055
-0.4121189353327443
-1.046023082220262
1.8306921942720917
0.9413184499139376
0.30256227114837436
-1.2444300432357382
-0.18496721126033278
-0.6399553951913325
-0.6217773950162689
-0.4608218123009741
-1.6589583177201328
0.7299896535405592
-0.6626605600136596
-3.0003846712581623
-0.24246439557504798
1.6320095638051515
3.3899685037543743
0.2539616468911904
1.4072345745994448
0.3249634029371852
-1.8870329346383232
-0.3395257707707679
-0.17817160218861594
0.6552140351843827
0.4205306000128996
-0.2596917724658067
0.6631612325662306
1.299001937041074
1.0938497113530454
0.5937128751932943
-0.9277882091613634
-0.31836866917577883
1.1753442617954488
0.25538971189677473
-2.734665483359383
-0.6594046566430969
0.7516800788934833
-1.9631380612246403
-0.04071879144139358
0.3732764779479425
0.08772029799265707
-0.3704901598973068
-0.3342332727138554
0.2501965452498772
-0.6544304497398962
-0.46775789561223335
0.14398254284099427
-0.5763938584892634
0.8308798618400286
0.10708304008842585
-2.4303964722452824
-1.4728523621469334
0.051203775384547554
-1.508068784102554
0.5996445342982527
-1.2113506636653757
0.7183199693380476
0.5978375858449639
-0.3476895100254431
0.7107623391475599
-0.04304229288012979
-0.23360629717120124
0.7421796795525157
0.34324716957167484
-1.1741284989824936
-0.9478425974615092
-0.4450569161496858
-0.45520172558923705
-0.8029038161713392
0.4760251648659282
0.9894282840504836
1.484176833762438
-2.5397461675143087
-0.3150217414790278
0.04009515428528932
-2.943795231670409
0.23841179204678709
1.9031546979430518
-0.7326271782892705
0.3515449572460886
-0.7774969797722262
-0.19434388355703874
-0.6482163164361983
-1.2998575373534194
1.0450553126289743
0.3597271870460916
0.7031778667406776
-3.3538650206040233
1.3064972421195877
-1.0534531008929298
0.15144572295981015
-1.3887804366360583
1.0656689752440343
3.7119037906129395
-1.5629790860201211
1.0668372931491805
-0.6861562592476332
0.606025775781468
-0.915435145106625
0.03512761366207643
0.5917449241613678
-1.3844381078695516
-0.6118038987127133
0.251874723758479
0.0020243695520686745
-0.5651880422003585
-0.050224919395920886
0.7996186496476745
0.15661076115065592
-1.3141870333354153
-0.9208973648233173
0.2252135774323694
-0.7237512472814879
-1.8431945010127528
0.7595651536847208
0.4174070042341385
-2.9082541446982306
-1.1045575174986015
0.4255762195798531
-0.14403225743744816
-1.412906901726112
-0.31025287135925883
-1.5137829641986384
1.6948988470134103
0.5937736048249543
1.1719852623925524
1.7277453243174166
0.34446030493126406
-2.0747969532048782
0.9867062904146383
1.8154274330751918
-0.3141215375984789
1.6329463095639627
0.3840447773554288
0.4262454169860065
-1.266323855564862
2.3986813326829957
-0.8923408247431723
1.5904354400220155
-0.7040556230555782
-0.9152099399751703
0.8845053890816583
0.7426679640302617
0.40182614593784227
1.070990849681319
0.3073740216385579
-0.031427705850769615
1.1983619640457182
1.3685964254864158
0.3273595336167987
-0.7957306019929926
1.7705469159073928
-0.6885603875503535
0.9621175969989937
-0.2997455226303983
1.6286111553718141
-0.8011564102328685
-2.5617512796193713
0.3387187447307294
0.6389655909318966
0.9243310884628866
-1.1976665867953888
-0.7007445617557323
-1.3364210678525155
-0.5314591202554039
-1.144189723606135
-2.87780900180504
-1.6413920520013159
1.5602220107289126
-0.7094698748382023
-2.396497487921633
0.11336007405618875
0.9396155343698288
1.8394320159379836
-0.3932762720793571
0.7837711118950856
0.23950641870738087
-1.0508513500535364
1.4286489092316155
0.6564850185934484
0.058581962736565664
0.6829256875192838
0.17017686343532298
-0.6773873151190154
1.9058423399230489
-0.5394651122126984
1.6711844783564644
0.9796015372526883
-0.6026493145266755
-0.32793884450007776
-0.6592019304584963
0.15343629646063833
2.476862150372128
0.5811028857325864
1.1996641856360915
1.1996437570988405
0.7256675932392299
-0.5362993013356209
-0.9689835488325886
-1.6606973273803631
-0.17606115916146722
0.18618910487943602
-1.6511710485671407
0.22345323161205816
-0.1957210684491625
-0.9837227163738329
1.185853488863182
0.836432985181637
-0.7241825552757806
1.015726093366135
0.39451036907072284
-1.2439925013015363
-0.28809115554227477
-0.7715951330412367
1.8897619978438907
0.19181737069640922
0.9954721814640733
0.8907152575385805
-0.3094340391332095
-0.35545933452507095
0.016611507527457027
1.4630016391703178
1.3006190856146378
-0.1638805841096697
-0.8466837927831468
1.4555048517352522
0.5726805125075148
-0.8002647828471698
1.423305792489529
-2.3419131566958575
0.037884043147760275
-1.373740800392759
1.4078505188264319
-0.8634721317736594
-2.7624735944638656
1.203782492837784
0.9862838542448985
-0.4835662278460481
-0.1677246237759386
-0.11443393818682172
0.39970666813039957
-0.9380401500198774
-0.5993469038129929
-0.20900560234174925
-0.41228951243202805
-0.2693149194832244
-0.22939165086970395
1.3352725107998864
0.545083730073023
0.9380162156111922
-1.5200860656870847
0.012483071633785174
0.6846221272575467
0.9003919868680498
-1.629757073966792
0.25598727798786997
1.0695818825954118
-0.5376415020829525
-1.3158266806132335
0.81673081223965
0.604126975830544
-0.5710374332688019
-1.9979012019306557
1.1553657188360382
1.6814670328126802
-1.44049017786971
0.7010392364337786
-1.6954294506067669
0.23211595946095667
1.485284304261629
-0.21555079140368774
-1.1708347983217622
0.5717364803376686
-0.7921443474487553
-1.680209187210098
-1.312944088274072
-0.6194868288362833
0.13644405177442703
-0.5193683485489298
-0.769540077723249
0.3414364604274532
-0.6148738657790154
0.531794523794849
-1.5431917136803182
2.1311523756207937
0.1521957347668466
-1.023490896760763
-1.072256057659105
-1.7418551559365825
-0.35015803474545815
0.17510881156667515
-0.3054700709127596
0.01997785846505884
0.6735345281134543
0.5140316488086605
-1.8102559811239487
-0.3006846278615258
0.5980484087848438
-1.175052488558216
-0.18431585937679493
0.6285989816997845
-0.41232069711194125
-0.8993469193601353
-0.6268261200383878
-1.170633439413988
0.672331609343282
1.0896891933491162
-0.7659605796147255
-0.44688130278603255
-0.2403175714384297
-0.2797857928123519
0.527694280514288
0.27852927927926424
-1.119282982001629
0.16964150224347097
0.6295638981712197
-0.2228984151740329
-0.8744094966136542
0.4665655180600137
-1.975546446529654
-0.2405373612470779
-0.2282931876874157
-0.3184939002522772
1.2781736841794158
1.811943346669455
0.5101440570160675
-0.05786678041747524
0.055293056501302694
-1.3743005149631398
-1.1275329697945942
0.3551284406037764
-1.4247016814718516
-1.5888061916196714
-1.2213558004438412
-5.156035185149862E-4
0.12225187177455786
-0.9474763127045505
0.526452855697824
-2.193315440125477
0.986855625681058
-0.7123758204869503
-0.4913579325680897
-0.514846955508253
-0.7596634783420345
0.29835640707871014
-0.9433411545946371
0.10805109704114867
-0.03032634875071039
-0.931897895023577
0.7368315164066597
0.7630148072253227
-0.6845735697451719
1.391283441459979
-0.7888434148163097
0.5066823861061908
2.043632207793133
-0.28559236584448455
1.2115825783634702
0.14580861167150427
-1.0708112033596096
-0.5257021092249932
-0.9204137333990297
-1.8354515238320999
1.6544255053571773
-0.6783604853046877
-2.221440969795722
-0.2712555038183897
0.5926315682249449
1.7047954989708411
-2.050087632379279
-0.33442041976074666
1.6753309224671544
-0.6331383325623627
-1.8414551163472856
1.0203292546366924
0.8750337641354949
0.39555519582570664
-0.7346076390763084
2.137031237247787
-1.6348947458933645
0.798017712786397
-0.9827529644115671
1.1810706147172825
-1.2793731292948844
0.845446646926248
-0.9909104608911175
-1.1002803006319548
-0.4869138550406573
-1.5298372346351627
1.4143306551992518
1.0179686152441025
0.8604494602378158
2.329017827025478
2.1750045798208757
-0.3750615297494449
-0.2791902374191014
-1.306266637024686
0.1626707076733303
-1.5103379612920411
0.10293917091957117
0.5331615764104098
-0.12674835233120585
1.0879248108452466
-1.4305402849912408
-0.5480856055501178
-0.259349450080351
-0.5789575038208435
-1.3260607437201748
0.540864766645635
-0.7283734478765153
-0.9018885400916175
1.142970770409659
-0.870625090660502
-0.1713479397261061
3.018960434706655
1.2986536274619858
-0.056038338113666895
-0.35433953177999306
0.25408052030441736
0.154134484699093
0.5694197701518477
0.671975060925262
-0.9276679830607782
-1.496959606382529
0.19643817651573348
-0.09454897696054076
1.6028080588713347
0.022337007215841014
-0.6847442901811324
-0.05721242260646282
0.3662034348347103
0.15304712545398716
-0.3447760785177551
-1.654525466120739
1.2818319481225184
0.6360285300354959
-1.053373162026601
0.43132548824154776
-1.2310976494008663
-1.2536143719274795
0.3597138124506243
0.3396621626670567
-0.26625086857923724
-0.18316661689802063
-1.5451534973527294
0.21176182577704109
0.7670648636155754
1.1316603453961334
0.8136281330659659
2.0147340672345497
0.5209970854016985
-0.7185339881550646
0.5314047256463296
0.44521673842643883
0.5201880581390527
-1.107062482225836
1.1987397285215657
-1.3504502273079675
0.4719793809298255
-1.3742348963196094
-0.5624729442271232
-2.795573124868169
1.0678994440346692
-0.6340680457039476
-0.985580388833788
0.43390946167238137
-0.23164234372336254
0.2655814901449646
1.2831685795512282
0.06763474188805811
0.17916763805221816
-1.0778829354861759
-2.3038827963372337
-0.3479841634091195
0.3721455533259328
0.7926857996822477
-1.7127658191270425
-1.2239800670389451
1.7030474707096026
3.016859221362777
0.1173575302812595
0.5402070161729163
0.8587884932913408
-2.366448971573319
1.9219006165890868
0.21755591503384786
-1.364134996930249
0.45914686313285424
-3.5143670661149486
-0.070061173371999
-0.5456271674946317
0.09736512249422934
0.5804219607193418
-1.604776152891681
0.5447039463628606
1.0068985853363306
-1.4783800505832927
-0.78404290458085
1.4288454658257428
0.6882991337784322
-1.0589853260831996
-0.5269319901785233
-0.5137340261985692
-1.4953774554557415
0.8126600648141613
1.1999196925139564
-0.7832727577251111
0.28491983623937495
1.1555502694444524
-0.8975036065566999
-0.1847483681408671
-2.1276223553349474
0.3295890206368451
-1.0975448875687879
2.1029033456406743
0.7078114964746645
-1.5462178788485479
1.0670904237335785
2.910081087798212
0.33632584209129635
-0.16418558941957145
1.286097981378628
1.361800979959179
0.3501186845061898
0.08478565536896392
-0.4494321622187355
-0.7833931221232646
0.18606102962209303
-2.600124716603094
-1.4497482298242441
-1.2110323709105784
-0.381861318857014
1.038131973260481
1.2695516397397304
0.6039737067514848
-0.022587315651661413
-0.2607012528100317
-2.31948517998364
0.26805364789310826
0.0824451394943109
-0.04104870931338624
0.0071674027496691755
-0.16797165518576038
-0.845612068930181
0.04962078891440585
-0.7736581702244306
-0.48083244759084015
-0.60227569990547
-0.21658503833535767
-0.9276756046761054
1.0862790950793437
-0.6458365864360426
0.8469139101482416
2.587742968708727
-1.7427762521971202
1.1510708697516443
-0.32935524413474904
0.34455261396804404
-0.1393412961884126
0.12116599147666733
-1.2696055323449051
1.218236645702931
1.0315963240886996
-0.1546077383904938
-0.7344008407685727
0.23608764328520762
0.517476087619189
-0.0483114514510486
1.706149359489163
0.02450988835879434
-0.5210352912509858
0.4992364620718987
-0.8760246869954968
-1.312398109964239
0.4913750042412863
-1.2544841959832023
-0.07025003989919609
-0.886628220917388
-2.49178882576981
-0.2206423643893489
-1.2138606019908236
1.006594644783701
-1.2647129724519857
0.24644468132030217
1.6090651687197366
-0.26780248672487894
-2.0144213171865486
-0.41395414224739074
-2.13206910722614
1.6478648549161299
-0.1559936589437152
-0.3122027235253358
-0.06227292229339738
0.018012485526947612
-0.8954407086691316
0.31776652684272627
-0.09319958070704813
-0.20524511236041518
-1.5452233416853711
-0.7543525430288166
1.2251938909059434
