0.3018980534745134
0.37649202774819257
0.9299232730030083
-0.06756277873572449
-1.203326291035291
2.2469668001063585
0.2882173261765778
0.2946014832959442
0.17104291499913055
1.3219444620219722
-1.2538862877657602
1.5671157535655909
-1.8789735403496701
-0.39336968644007503
-0.8394263332329054
1.0235760392954143
0.08052275383760028
0.20604670218631294
-2.3173904077850023
0.43562623005894335
-1.1388660387950058
-1.225793289927808
0.13205341214770533
1.6922708892506542
0.4471471803049055
-1.3635314112878483
-0.3264768522184488
0.23322088818689932
0.48587547722315294
0.8595308891657029
-2.2676524895488948
-1.1801968674402112
0.36371180532300174
-1.5478536269770986
0.2571162301500686
0.14780854708584187
0.26017279295102547
-0.9628788788845666
-0.939551729486753
-0.09777237274062045
0.06137257613892289
1.0636538207949313
0.03429675053517141
-0.08350745767835507
1.0282307953151313
0.2527185012266071
0.8474533016350657
-1.3179106496265989
-0.946549987041511
0.17934027526545293
1.8570417162064272
1.0571672106599468
1.1405314096400412
-0.4945272108102571
-0.5245275215668564
0.5075978581486439
1.012293566240117
0.8155315347948937
0.15859744452398294
-0.1617088049410227
0.9387106722079426
0.8702909440698743
-1.4559094656439797
-1.29983365332904
-1.2076587942307666
-1.418979875717569
0.19322104736768175
1.5264699710012668
0.4203313203619212
-0.8591523298447981
-0.259300591315427
0.6618846562104286
0.5238743108051037
0.5311308573972394
0.0655498306359917
0.18699015768227778
-1.3024540230700947
1.4354631889236618
0.028303456912489408
-0.1672024259022934
1.3920821290271506
1.0740522237097132
-1.302047125826478
-0.600005022975684
-0.2991268338549493
-0.31323561514543924
-0.053854587951753095
1.6094397658221946
1.7969739642671145
-0.21972419510605762
-1.724585706839765
0.2863627978730234
-1.299579978593256
-2.2177826405147183
0.11744612788431913
0.21052428249911834
0.9523885686572406
-0.8354364072547686
0.18262898989802398
-0.49010821695901435
-0.16057211697642157
-0.6733456433871019
1.475145425132897
-0.5795088312516736
-1.1827407243377135
-0.9544209259581902
-1.3281661971188095
-0.40472284554246835
0.6570957583357074
1.1390957157609995
0.5162619829433528
0.16696201613166178
-1.6758569238339274
-0.007438715887310252
-0.8852678967187454
-0.6692465315444724
1.4919898275363268
1.2513466707746197
-0.36737018515130343
0.07131316058893823
1.0776201020927005
-1.1781033404873518
1.3462257852693833
-2.790012069399347
0.897995255106567
1.29407346040269
0.07756101513805733
-0.4419031512085438
1.2916472075255439
-0.5574295769247988
1.097499405831747
1.8880105880451035
-0.6874475151302444
-0.5120615883977837
-2.2712285623167983
1.9294187279877342
1.4482382305613422
1.0626703974822203
-1.026122155995189
-2.0699067169056384
0.818913912131451
-0.6236193603620742
2.636252841903033
0.9807404268555805
2.1977400592434213
-0.5256042361215221
1.0037320264531202
-1.2560366848982638
-0.41977707147268534
-0.9290344077187558
-0.5116293230970036
-0.3519259750676765
-0.891243449126147
2.0322755774476824
-1.0080033828899375
0.2858235396597176
-0.6595929837356873
-0.5602263313743161
-0.09693588676013119
-1.0533796693038768
0.041666910667339685
-0.07135022772716924
-0.39553769502435115
0.6508409218336991
-0.4660095438997445
0.41860080178348574
0.27152830424865976
-0.12613462626198546
0.12553621254536454
-0.030160485687916887
-1.0011921762675997
0.2856360937379768
1.2732227356474513
-0.9054572650832526
0.1587912917957145
-0.8563143712366258
-0.07129045018225898
-0.23104007361098688
0.30802698287576624
0.8960922285609257
-0.1871082873263332
2.227820061758858
0.8925279440475429
-0.5220709291567533
-0.35414253100050486
-0.16307872334308365
-1.9659383025019503
0.06049319608877831
-0.15512657412292244
0.22777328903590963
-0.2033270716457773
2.2837568054973474
1.2608926416428403
-0.642275491339639
1.0847557335364868
-2.5955396590013495
0.899936226111173
-1.6126828994918123
1.060702222315296
1.570705689846663
-0.6857805662161999
-0.5370538597625742
2.428833573530334
-0.16559469758005435
0.7773097389132209
-1.4694602446357687
-1.7671793957896822
-0.7212366512598166
2.174116944333742
-2.8283535107461906
-0.6392769453613152
1.0746387886897042
-1.4694626620857183
-0.7524290971631068
-0.12656915245893663
-1.3232877325309569
-0.7553548256925982
-2.121844546929075
0.31698455674024595
0.8637541764642293
0.28905712135322104
1.628235897319523
-0.13816248964446262
1.3943518604764733
1.4333086484825297
-2.4604276381156205
0.2067261366755217
-0.538683439673199
0.3839185878686059
1.8339994306359724
-0.9510651382424214
-0.3324947303007555
-1.7247080537670092
0.07761643884573703
0.27206685828012006
1.1198348401910745
1.0714901598127993
-0.4970914059904293
-0.3499816050026186
-2.443772997117728
0.6380047128056368
-0.7258846137978651
1.2285333930812423
-1.1622721793182815
0.28239868807359864
0.0722039787080857
0.9052819486055694
-0.2946316502958549
0.13424328207986047
-0.9372821216434032
-0.9969436007469556
0.08168275437584592
-0.27687113228254556
-1.018461819924339
0.27239468158342406
-0.48924681452153873
1.4424889635841116
-1.6378886757912885
0.16633560437795292
0.4745903268161233
1.1204177000386828
1.1975011741550856
-2.148781727070605
-0.9724614512370241
-0.4409340851443262
-0.896301022442477
0.84226202810925
1.6085837508182315
-0.13668534537709395
-0.257663813897171
-0.0809344313148063
0.06090811198812812
-1.4342829411384763
-0.025640877381102063
-2.1396100686753496
-1.0820856435962947
0.2787637908180341
0.4827181444022769
0.9508855044630538
0.4506602231320552
1.3570938085481832
-0.8974331586767317
2.3247012090692447
-1.8842956079596405
0.6856081447202611
2.0126011531429384
0.024334416040126296
-0.07902774913488435
0.30429148935540395
0.23223313607144086
-1.5391167333166882
3.446608311420308
-2.0770343986909103
1.1126007583420323
-0.6145469631401317
-0.10833396558996854
-0.1733645274426501
0.016890265176861596
0.02331887810516025
-0.5425212961419921
0.5183506517024206
-0.7173577007986892
1.292276447973077
2.308365285108811
-0.4317183254884409
-1.480124602654087
1.783749862975365
0.29009370523475114
0.7142955260400942
0.397819824649534
0.23364609898285155
-1.8303414131656437
-0.43665482350020846
1.2432915343868491
0.668072192515898
1.613380839368877
1.371481183604445
-2.1259977603597626
-0.16347432808523643
0.04028385851347631
0.3203284897532377
0.5378142468852931
-0.05207231100065649
-0.5265304004260318
-3.1145308367496756
-0.7052987340608604
-0.38357293880553583
0.05997853382581029
-1.6738688229705885
-1.1823998719395779
0.2804477746673699
0.11092682238938963
1.984278534418053
0.15336436656357252
1.459423794830473
-0.14748399494634667
-0.3625591369861569
-1.5252864095588858
0.825048819239269
0.9453375320109239
0.2853038541020916
-0.7890035692234544
-0.08642105384352267
0.30756508994274606
-0.6353629373859423
1.4995495342652647
-0.195602954913497
0.17176583236715878
-0.4009685265127582
1.7425227487422608
0.018487198060307502
-1.7205443151160615
-0.032444589942444486
-0.42728039673519835
-0.4910765122470169
1.403349375988139
0.028383480855290535
-0.48121080098392127
-1.136044956809931
0.4298266053953582
-0.10385639465025517
-0.6339066063587409
1.3288487065232768
-0.5100074863132119
1.6506755190899574
-1.0700750016596825
1.0633284198080155
0.6964424862380835
1.1555834863896695
-0.2898437137883505
2.313021804247959
-0.06481899524706158
-0.6892653837990945
0.8160755519269661
-0.6860367239667289
0.16182183740456968
1.0771167611688468
2.6243875632715876
1.0976510559534527
-1.1772010954148204
-0.7749282110835494
-0.7733545852769729
-2.101773697521447
-3.0358473939705033
-1.8376775623922035
1.9136399696002626
-2.0112002942643286
-0.6288171635675205
0.14423244611765293
-0.00169401107946472
0.34958889960992545
-0.9921061287391961
0.6875625694775956
0.06605675162196534
-1.91756114774204
-0.5875136164309285
-0.17858542298101726
0.38111484581540067
-0.33628058390127935
0.5834352067670826
1.22390161075307
0.735635644832497
0.48237471168185125
0.8486856435844675
-2.028750776152773
1.4546763383164105
-1.0651311640424603
-1.3531875803365692
2.2040209569669376
1.3618225686985648
-0.7702842061965806
-0.2704019877114035
0.49333489858931107
-0.5501617005561915
-0.20525541899198735
0.30929784700417173
-0.764544669596638
0.2905084849599503
-0.28643688873030004
-2.1417988038054356
0.2703469441311714
-0.8862316085046579
3.414834238210089
0.8770361295880438
0.16303011732405812
1.5132759008556516
0.17084453511898728
0.2635107574395967
0.0903315343897829
0.40949150562929104
-0.11682525358074282
1.4456838763971704
-0.07496311728763
1.0250542995825858
0.41204509496464276
-1.295474740305658
-0.7030077402436529
0.07642949576529633
-0.5597342702863479
1.2314103464460584
0.016118172470245693
0.8458263707085697
-2.3085008848350843
2.1848812913504445
1.4414574761558243
-0.6196620474905079
2.2408935711174007
-1.416166389286956
0.7002087467503704
-0.8351099628506747
0.6719638819541318
0.24719184064235478
-1.4542057352265476
-1.0227973319277437
-1.5690143904458358
1.4903752066114302
-0.1679078852745145
1.6900802053505617
0.17992818265060015
0.8057233507622296
-0.015601475956022811
-0.008001832409791184
-1.9027098696722804
-0.6876102079404934
-1.232943947120793
1.070125860242638
0.5473785254236407
-1.3048864666799318
1.499786157914934
0.9141070400097332
-0.5124651745418721
1.0096914948224174
0.10166021014429229
0.6679575879792867
1.493724276777435
0.26610889436795804
-0.6830954709113874
-0.5100139894466487
-0.8249659573547168
-0.15165284413298766
-0.17695505161926034
0.2528487360469506
1.6025997313729912
1.4458943095001415
-2.0295857491733034
-1.3311442059425977
0.15044901127170865
-1.1855935969515279
-2.891833601050363
0.03083385242360801
-1.1144746683810098
-2.1987849498783976
0.22343673097086028
-1.0784061897709147
0.6107129815850633
-1.415018366690522
-0.3990089370417779
-0.11923458610413487
-0.3223440283611701
0.5826123834227844
-0.5520675989479508
1.081287047821146
-1.2035569556611838
1.7125757433822733
0.40487109703463775
0.9087260506366769
-0.9038745054991772
-1.291846152064738
-0.7720848575014178
0.9111436348637509
-0.1755015267969046
1.9679967247322419
0.42021417107026254
-2.328618520628084
0.8805561208508124
-0.6883126898120171
0.4662477087062183
-2.0526953198057796
-0.3401256360247489
0.613163147268676
-0.5346301079255451
-0.27611456784919197
0.6716179596104708
1.9079787329112863
0.19268316111826306
-1.3515828894409483
-0.22198960322927178
-0.4828822683678892
0.8123716056427874
2.373212964429872
0.1679172083608183
-0.4265038086832562
0.12069285021775811
-0.06632176873940232
-0.8049836674033402
0.060727148257495776
1.0262730155581334
0.2777754651828005
-0.7623326571481724
-1.6561103231406793
0.1095629324886558
-0.7258202789382183
-0.005896685059159906
-0.19559053244200822
1.0975205794295033
0.4543848049064161
0.13722007392620283
0.9474004251811557
-0.4089608499656032
0.30562704480899133
1.4221588934184612
0.777024261779491
1.3862846991362519
-1.10144481038113
0.5213498186385352
-0.28060790377638506
-1.0309165297127778
-2.11093423426152
0.011564102480284574
0.6778741124279981
-0.009931653546299405
-1.962196614840671
0.08705812482571146
0.5842198956538188
0.15338066984494278
0.5731852328879192
-0.5743507692809368
-1.7461595816177105
0.3823309627903494
-1.0709557481752245
1.1589133693511675
1.6441053341928162
-0.05844510048673539
-2.9780258876066465
0.8770178455654383
2.2295739884480774
0.5589284602520841
-0.358079161207546
1.5540935961907245
0.29056404732918584
0.2392825049902817
-0.8439722353976803
0.8604840949522679
0.6503853453298184
-2.0542651778487153
-0.05243424007894064
0.7290608319614995
-0.37011592378813923
-0.40570059144139287
-0.17606777194464512
-0.679835212171386
0.2416122948566965
0.03977568904508401
0.8148313995411359
-0.3214896008694319
-0.4397200717657458
-2.805014870024016
0.7338964867019679
0.11590148960896467
0.1967806131301547
-0.4030159983890367
0.706312882681707
2.5355909154698173
-0.7415358964322822
0.3704692954720499
-0.3888756949921869
-0.17209321168184066
-1.2741992814048713
0.9377044266566036
-0.7494080952140704
0.021805945809685208
1.5769533942214535
-0.2252553535343299
-0.9525117374857113
2.0862695225099763
-1.1070757860000036
0.2706966473674883
0.3808085950656416
1.5658517461587067
0.262926907339311
-1.3434663845722246
-1.35934927456684
-0.45585053277415466
0.635250942944191
0.9647271229151378
-0.6773569648392301
-0.1312019764017835
-2.226805682633694
-0.003916536627660149
-0.3926094455048124
-0.1163880940452022
-1.1920441343735477
1.4342481617456664
-0.1606790894827147
0.3127102241251161
0.21368675169152207
1.6539692237836625
-0.18552243799366747
1.3326837278621746
-0.6152247156160856
1.150125741044834
-0.16612447553918305
1.7408324773793513
0.36608564862366305
0.7920358812092636
0.4413420947413326
-0.6676934751902729
0.694562386445901
-0.9687029774274167
0.15901027843267232
0.1472752761015548
-0.7735069927228231
-0.16296949964827573
-2.8353844048791266
0.6174189703951196
-0.40228030951381294
0.3880965462000979
-0.17048935579062333
0.22874815048569122
-0.23292692011272015
-2.019540648509467
-2.3144254522351737
2.3955517611229826
1.61309614317541
-1.2770393547150185
0.38421111665617086
-0.6891790823764183
-0.11672376202842068
1.5935975932837432
-0.4578504349745618
-1.7892338602478988
-0.6845782614303095
1.909839889637112
-0.43973768394687285
0.4245642493327394
0.02533982548093398
0.2775823519356518
-1.2148667829383462
0.7597594586749754
-1.0052921613070072
1.172271275492135
-0.181553360108436
-0.15468928642548377
1.8624086390936139
0.049026841865779554
-0.2271204296932029
-0.3016581088841093
-0.6322251619317665
1.4429888816124112
-0.7896031434939084
-0.8419891922480399
-0.3220061525965807
0.6990673943782121
-1.223910675549308
0.7271314621628622
0.7477456645588183
1.4675239177661972
0.729059587865178
-0.08305979107408103
0.8413304875958468
-1.4050458336655005
0.12066393734222937
0.350541698644656
-3.489617481091374
-0.36819470840393514
-0.9618268679712785
-0.2938496640258167
0.27334570052553564
0.5783395951257283
1.9843078863455597
0.8131449609067168
-1.0817309621297249
0.7363602213841826
0.1309379958806152
0.2055295827264631
-1.33036435099903
1.3547047331704845
0.014041517337006846
-1.6222381603315041
-1.5228042327456375
1.044464969627913
-1.0004032015386521
0.23232954312222914
0.6312367448973848
0.6699355720157592
-1.9073680299992513
1.8873739460458319
1.245545396970237
-0.44329984850631265
-2.0016005000301114
-2.6357865108098077
-0.9464723026265667
-0.8732997946660711
-0.6910822165926289
0.4826393465513516
0.17331993786879318
-0.9017535778444656
1.3680235677941681
-0.3778147140143755
1.7770530186688485
0.8833392456816199
-0.5090725754360583
-1.8087564040773332
2.1594111577414505
-1.3313353077900738
-1.1504055945011389
0.7510828729810184
0.7677144649569285
-1.7584556674270562
-4.0998088169275055
2.2981496331997837
1.5991089572305694
-1.5097011438009145
-2.2278531331923808
0.9319723305721157
0.12468630881379872
1.3949590629057025
-1.1180027585630539
-2.196106812879937
0.7958789094387694
1.165037980875489
1.2495472684476423
-1.6824695234783864
0.6304619977824254
1.9778757540100285
0.8010781931293881
2.4253745495720085
-0.8764338704488464
-0.13271631847801268
1.037059629342215
-0.21878919547636724
-2.761583922968114
-0.9362078269921604
-0.5617709097976157
-0.9582070925516973
-1.0849404523987554
-1.4877695396937265
0.8626068037651847
-2.605497221805595
-0.5185190735294187
-0.04111957870962221
0.24277228606548878
0.020116484992883706
-2.096684304449004
1.4795225859612757
-1.4300218260367614
0.8996528903616356
0.7167309724116054
-1.0753948054949196
0.8330251933925013
-0.36539287543850757
0.04745786681826137
-0.8265677335867393
0.5218932736674192
-1.4095761775094497
-1.8181775961253879
0.8001616811131893
-0.6233718083561812
-2.812609669025928
-0.8433434488512775
-0.6699615219185545
2.3407069294793734
-0.5920241966419632
3.003138339160233
0.6485260139034312
-0.7378364885137162
0.18698189296687823
-0.18466386453509387
0.8097609962597409
0.28499787004838345
0.3371785382894852
0.5032621719338755
-0.5522322939715861
2.0719823811990423
1.3381311670842198
-1.156408177880493
-0.9601348481793814
1.1662984353802717
-0.1661160916506485
0.6200958723561995
-0.7016257920775968
0.955878817383726
-1.9987205185384678
-1.3629392545371284
1.2952208739528412
-1.2418602079715588
2.408732722942908
-0.6058567476428004
-0.9740132370959775
0.020264428270546947
0.7072616302888163
1.3474227099052343
-1.0699311286441113
-1.2825615134410713
-0.2032998209041204
0.9328546925223038
-1.0906299762823664
0.15034975563715608
1.2432359091557343
0.8230303820147687
1.2691105366731836
0.04281252401231407
-0.6491918652115442
-0.6739503460293034
1.0443486243310605
0.24657213744366205
-1.3210608559760584
1.141882171307432
-0.5300727461758462
0.020066503482543525
0.8127924458872295
1.4778465852755391
-2.6892585830836726
1.0863339899618991
1.7421052780997965
-0.10004040385400302
-0.23298918156211154
1.6673864402429792
-0.545432687761863
0.26147141542819285
-0.05374964968321623
0.16528466620032517
-1.1481592523606088
1.0380768830808436
-0.6216256952756376
0.6038015125809386
-0.19983908181267612
0.07559145818742122
1.0712234383766135
-1.3118471783249899
1.7166717582755362
-1.1388648789270834
-0.7018486921084804
-0.07845201812315951
-3.0054849946810354
0.6131371148834155
2.2920897660343655
0.6750846633181985
0.7520045185846937
0.3814883942008882
1.239761134450005
-0.2736922508498764
0.6828641975791003
0.6922633763458113
-0.026157185655414746
-0.16318133383160932
0.5778667917378213
-2.2421481795993787
-1.8379297963473638
0.19482782613974595
-0.437092955566487
1.9196664894493458
-0.20393091901423202
-1.3680164709189246
0.3686084218987375
1.4130000589848308
-2.1288780422615274
0.4584265931712118
-0.17633581216947455
-1.1248623177211516
0.8171175208990716
-2.006918228550239
-0.9353977700773303
-0.8308452599108698
-0.21471587678607662
-0.13466531273936624
-1.2783210088821984
0.22721694718504298
-0.74953954787748
0.8498029286995913
-1.7304350222518246
1.9687988588911143
-0.7151501897332144
-0.45276120416207116
0.40674412421697215
-0.8061870147149047
-0.009483814081838437
0.197472654110855
-0.7456693970584427
-0.8175387141538215
1.2709213918237559
-0.9946775685250033
-1.8608511678826676
-0.4438347895116782
-0.39114298420467397
1.0023445674386389
0.8136958345884223
1.7764637343488525
1.3089937610351625
-0.37844854305253306
-0.8351338266345386
-0.38255129915478586
0.7144897557019577
-0.5201420835132812
-0.3668913272938722
0.25973023821972346
-1.7828569439868422
1.8413074812797152
-1.3209693110026017
1.540570395775712
-0.6650629106381651
-1.2202712013561867
0.8077923005280072
-1.9207934832765832
1.0778432494034769
0.2753037200641671
-0.061943425557927666
0.10363101838290414
0.49349535827706004
0.6249167676890263
0.7353918664179878
-1.043914872720476
-1.9593137272314385
-0.039058758435833243
-1.9462914869276184
-1.0465844066411936
0.49052947475693776
-1.3726462688887744
0.16164700726944242
-0.45708184806698315
-1.6304006670343894
1.4690011540572558
-0.856779671347385
-0.378458528975773
-0.17582155197227073
0.8543098163733068
-1.2939037824664132
-1.3522413754890608
-1.283685443635043
-1.5093984210196418
-0.18513527339171365
-2.776231683549062
-0.09590435493182205
0.452211636266341
0.083000114782556
-0.5312688740994552
-0.10667695782716266
-0.36295669445285444
0.3235765208284756
0.48490584219419564
1.1005657952547538
0.3589599641684211
1.1953796951587468
0.7892332982196087
1.3295660113830268
2.585304035242522
-1.600595120722235
-0.5092506590825168
1.7147223320727696
0.8921124472393788
-0.8027340207814073
1.7272271791213878
1.8356878154762544
-0.1223492617666202
2.9059448190180883
-0.610552849297894
2.170329347955954
0.45027105024634134
1.4930348491678906
0.43006041494932873
-1.1806306884202198
1.8964656879519435
-0.7422515628771762
-1.2601588953436849
0.6228861400079991
-0.7388404598662002
0.5605253186421871
-0.7994604304871972
-0.685184769550356
-2.3967356611429906
0.6471833629744667
0.3095446547246664
-1.1524942848920856
-0.17291490184523847
-0.8510042192005407
-0.37714365578374176
1.5727235985204824
-0.8392847015790021
1.045430318101126
-0.40227505725530865
-0.3898210374380492
0.10810123524551397
0.8181672065455413
1.1814593704289613
0.013588724360480439
1.9248314756238427
0.9117536107658062
-0.219781839629516
0.022284213277784973
-0.3695896986285482
1.5670074259495024
-0.1567653484440807
0.09575412661628911
-0.08966307708513353
-0.4404983523715692
-0.40484124521639764
1.3278028970111821
1.295565175553566
0.5915077535064762
-0.24980109365782957
-0.7395645082107295
0.7512951520119265
-0.33831696807736533
0.5155374316194182
-1.3517895782046407
-1.2873320307316418
0.16838803453779128
1.3385432790832292
-1.448766196107961
1.5748458718249294
0.15026469865001368
1.021111821733575
-0.6937779112912581
-0.6697227888813111
1.3393327323620468
-0.44892933777616406
0.16537927901671778
2.2184741382911204
-1.7799940974349162
0.07107384291440043
0.04585712141461231
1.6810761792345332
-0.9311361707436825
-0.9302403423867469
-0.427588554762738
-0.4553734745581877
-1.682037772932286
0.2596163604547691
-0.4408296298099384
-0.29813263449798594
0.5601591104842466
0.8849560585315236
2.777192555512455
0.2130622379660723
-0.5836896960420254
0.7720538381707579
1.0686505111693523
0.600146547723717
0.08429559604272058
-1.1567089865911058
-0.6807079470447581
-0.020585512171019654
-0.22442567312586115
-0.42522876414085736
1.366310581106695
0.7331780784257216
2.716002032585632
0.02101466619762185
0.609926672751224
-1.2658873767966654
0.5509320972807262
0.5040621513683156
-0.5209053306659274
-0.6866186841676941
-1.211894082594269
1.7833305859040423
2.2289312904532608
-0.16994193764264068
-2.4472141995271213
0.5433985653358653
-0.18616118007596583
1.5288652438863477
-0.5136839635358866
0.48642675269355135
0.13628648790954184
-1.3024852780683358
-0.6689392766865715
-0.362213656763672
1.661776270278382
-0.28931169899812753
0.19773630385575477
-1.4317769027225045
-0.3919595241133344
-2.310260504297936
0.07207787998900271
-1.744600622449544
-0.005123790453701818
0.08494991721061905
-1.7946528897569831
0.2833531984001047
-0.7038243287882617
0.17105133273007597
2.2862781119294473
0.7533121964420042
1.086577543116507
1.5427871039052126
0.855270151695269
0.7292001712007495
-0.8615513974802016
-0.5625055674516073
-1.9090834730274728
-1.0082330925431213
1.9728836553880698
-2.1977031215046114
-0.34912549394344544
-1.7252241844518788
-1.6093349439480886
-0.5157606580150731
0.6479450337784025
-0.7513612574134235
0.4141279568033784
1.3229831420843674
0.10410750641764237
-0.8949513967954025
-0.1476465733852347
0.42716187985127607
0.231951025915255
-1.1168020642478145
-0.1397370750995467
-0.4800141308174614
1.4291368124986703
0.5995988685216481
-0.22305213882279062
-1.095524001137821
-0.6877464295521744
0.12660986194040538
1.1636814122640076
-1.129699134586392
0.2804406855076202
-0.8318743521096499
1.6993293352001413
-0.7878262073790352
-0.7851911869551241
-0.5192201532562337
-0.22483030964592096
-0.6347751829594239
0.2883939025085838
-0.5610685452138979
-0.5697579440901415
-0.3868204641316093
-2.38445630452385
-0.08954360611652852
-0.037354207168242684
-0.9369763242359885
-0.2780283707664412
-0.8460545958121541
1.9010889751701296
-1.427494813295568
-0.3272079616752437
1.2467715299289983
0.2686878876763423
-0.8341010563037596
0.47886490495049916
-1.1092066628006236
-2.0525630623174247
0.8699604864683608
0.28195045757105064
1.913037444849634
0.4352508197818678
0.6193117846404133
0.24293956346314388
-0.6861545729333723
-1.4366733276464683
0.11286843715985845
0.37845712348306537
1.0907614999452941
-0.27660230173561867
0.7066613049940864
0.3536541579487552
0.8875364157103552
-0.7859128590625122
-1.2080558388342155
1.3089799832551765
0.4411246370129469
-3.0951547267423543
-1.2009113519938488
1.3570184362450224
-0.05453939875461869
1.2031326003377407
-2.592847003880559
-0.9628441812361251
-1.3939127913736316
-1.3440515006255285
-0.3112314658215358
-0.41859447381456283
-1.4381117503802254
1.0523351269059618
1.1688855879401363
0.0657152116334548
-0.4243350041403846
-0.670486924960299
1.7011526214782164
0.5930170798181802
1.5560249268145143
-1.3385442040708657
-0.6981834812440147
1.1564387418558444
-1.427099025493045
-0.8690133372267275
0.35989528834110995
1.2322531530522163
-2.0166034114652636
-1.497050068027677
0.35554436163516356
-1.813333024278719
-0.40342947341057117
-1.2652964492984402
0.2826160574204936
1.4842882217837794
0.7891916937800588
-1.3415982581881454
-0.2917133919836136
-0.1758524946266073
0.921905449492672
-0.844799806299687
-0.41151976890854075
-0.017072879781256423
-0.4026186303409839
0.4941676318701985
-0.09743500285470137
1.5733969829539975
-0.5647015563414508
0.5658129345192069
1.0499850348189252
-0.8857742369271597
1.19814801747332
-0.2728662110818219
-0.7129444583275392
1.885393494389313
-1.0868569168804745
0.17457354243314777
2.066755840776709
0.8837375275026237
-1.47950267109556
-0.9221922479245007
1.639668757315465
-0.3163522501552051
-1.523201200753565
0.6274634287156206
0.41457084316828396
1.5405741339512364
1.020886602157114
0.1801914265297374
-0.20093058037035863
1.2141988673909643
0.8825255473949762
0.866497707577485
0.24405566449877283
-0.3127082276313083
1.5364626224378082
-0.11061530441883886
0.27306977549189704
-0.5790243922463141
-1.4604916617546024
-0.3266993316865921
-0.3249093220807171
-0.17053675513781336
0.3752878925435578
-1.9838287965566217
-0.44950625626034685
0.6757065117021592
1.641071156886811
1.2472515394074124
0.7948406189243616
0.3621650071945012
-0.766879072979036
0.9150709362142959
-0.03017788901834666
-1.138634075013583
-2.3331866766222316
-1.0602037017511377
-1.9762761137249405
-0.04094670273557099
-0.8109313051075971
2.5348597036128595
0.40866353861053517
0.9544696877154005
-0.8021323363919421
1.1867932192459638
2.0450918501851083
-0.02863506409441396
0.4714157733809199
-1.6042953753152756
-0.2929684432343457
0.5276639215437479
-0.6098323185965814
0.4217913004626597
-0.9075326383320885
1.7200537673946465
-0.368614232185681
0.678930033579983
-0.2009683294619144
-2.1000008526785807
1.0247990709986272
2.7085897017664524
0.05003865371870008
0.01842120773777192
-0.039074744722532376
0.007264098512138836
-0.24086171728704936
-0.33371075356139573
1.757684017730668
-1.0739304518764705
0.3073947036618546
1.4731780990191312
0.31763129488803565
0.7211556028771244
-0.8484803193921316
0.8236063738934469
-0.0855698680215545
0.18959336272867966
1.7127980652212216
-1.0632419114791214
-2.5977715601239026
1.165384068128615
-0.9073437957645284
0.9986690762712622
1.1496634098793135
0.8120892466086083
0.26485080215853235
0.560957609842923
1.720916418214461
-0.9781616261360024
-0.7569208343579212
-0.37021774150144526
1.142814417352647
-2.5181091608345607
1.0837790987959366
1.6210869775561618
0.3992706700939104
0.7378170560718451
-0.8422517563127286
0.2036449277723858
-0.031110974725659865
0.024923835139737154
-0.794430069965137
0.11346779077214075
-0.9479025636784517
0.09766873710287963
-1.9079064513704662
0.12242773492980631
1.40286021223723
0.909468163865132
-0.2626512901507547
0.4980567971383208
-0.8592529122306485
-0.24195131889879962
0.6164192100544468
0.4619834153158032
-0.6320753525524084
-0.015782459924105683
1.892482969384219
-1.0420311493027579
-1.8380946249681271
0.9379709617088563
1.784631957458717
-0.625404399588521
-0.3507007787986294
-0.8300834436765121
2.0281775700614704
-0.30082240573011754
-0.6586317386488428
0.43638738123262216
0.008448654169374861
-2.3837095406560223
-1.6175812083614471
-0.6179735709556708
-1.718709675904827
-0.02744798460263952
-1.222715376068703
-0.8538038644858589
0.849135303412351
-1.9590558543945962
-0.13642299953044135
0.7360983200127833
1.6095980612246361
1.1205352539618942
-0.953950712664065
0.6937771178944727
-0.8028786832620156
-1.620279741172985
-2.0233526923283476
0.15195135826845685
1.3063037776840678
0.8157943720016472
-0.8853486222719101
-0.42195981723717857
-1.2496087160130904
-0.04296430261218744
1.8965048884525
-0.18006646090221667
-0.5500081547046582
0.18127909419675942
-0.2951754214127753
1.145035401457066
-0.04892749150837041
0.2336138738847683
-0.58243167350852
-0.5136225228591246
1.1253661780008672
-0.6827337696361281
0.45195523149527467
0.8435754540262498
-2.690669319773317
0.9018985179280002
-0.06667799193181018
0.4624300813324497
-0.08529235484351363
0.338545389041027
0.002519049342751302
0.04141572417774422
0.4917567252476628
-0.27850351974329035
1.0963795833050378
-0.5342334545175519
1.7465045001843134
0.37167812538845124
-1.436243980376142
1.5179251491924866
-0.21944786687112164
1.9400653521144118
0.24189362462336989
2.045477438272944
0.34180621616966583
1.4219718319195271
1.0951154866713968
1.2262537511551972
-2.005857814116773
-1.3147614180380545
-0.1642795906651337
0.0778819288043929
1.5550332004865683
0.5105333127288515
0.5899543875871582
-1.344829495616212
0.2993774990041777
-0.4569603901664066
0.4557288969879248
0.5042902039275146
-0.16006887415349988
0.12393586323438859
0.06593637676241187
-0.12429128026593393
-1.1490710715016235
0.802117870006329
-0.34596620621166885
-0.5178039757579326
-0.11559128694097169
-1.0131922707639793
0.017848838148302227
1.1021125833408298
-0.17418876501792155
-0.7360821680781615
-1.6212102909868362
1.2858722927417428
-0.9554851592180389
-1.0891672998148023
0.7470530555457391
2.8219822576701583
0.8197462551200282
-0.0636142267896716
1.0363382479458438
-0.6027207179926423
-0.9274212663072341
1.899319979549172
-1.3242599437189098
0.7889698052371162
1.3654795532392965
-2.051888305341964
-2.573432077025501
-0.8225900573356083
-1.0281401237726044
-0.2864578181448472
2.4560948002748244
-1.2056916992987012
0.4570802487267848
-0.590512006347471
1.3645051805540578
0.40563056794587576
0.7433719530182212
3.0858278594513617
-0.6510578718264501
2.6707685037852906
1.0448199825271633
2.0386789789482407
-0.8359911269434602
-0.8863789452291236
-1.6328024352344308
-0.6787173639768773
0.478602180132049
-0.7095866857432451
1.3368482615701769
0.8869158928033029
1.2005704043090248
1.5495481890993905
1.3743397109222772
1.9412296175373402
0.053848161693735706
-0.6139619637593251
-0.43935335019861066
-1.5888276996131567
-0.6199229013094072
0.3979860975376228
-0.41639347675017985
0.3626456711429012
0.4156696788510587
1.2078950313542043
-0.18704656895423247
0.9473787895934532
-2.6131594386488404
-0.8147690742225084
-0.28185373522056795
-0.5505295628088049
-1.0024753867313678
-0.06757073470963207
-0.4486395812732404
0.6804421040152758
5.027572578001075E-4
-0.4630429048095471
-0.6295102296560506
0.04192392684734964
1.3856062407538061
-0.431109354522678
1.036989517820453
-0.14852097063200567
-0.2218320550200825
0.25459640185490234
1.2823018656231155
-1.1374382277370585
1.3719815638946313
1.7091013196183438
-0.7095799815826617
-1.5458279539518014
-1.3174204277023833
0.8475706824047943
0.17394128938718073
2.0512786747865834
0.3618417456092696
1.1730403574097845
-1.7899298571328752
0.12251361024631811
-0.0749906338225546
0.3820560984635375
0.892552122433243
-0.6977869456886127
0.5899218912245454
-0.4182846493294872
1.307310768419905
-0.5077152519035517
-0.6383020200840582
-0.1502927576834189
-2.2188437379614285
-0.4518888381382364
1.2946345778426713
-0.6007863231818957
-0.7992699359186689
-0.8181765790838589
-0.3878923758590232
0.17732832543511784
0.5100718701383111
-0.7639273838142471
0.6221423762911341
-0.20536890802244212
-1.248969283421655
-1.3539356508954246
-0.5394351982482234
-0.04501841271060268
-1.6356086579911018
-0.17623958730943026
1.5482239203666632
0.5453754013263584
-0.30450979660883626
2.283755037956615
-1.2663123597684758
0.7983483846220766
-0.35704842978661916
-1.3306221279235513
0.5255539286442421
1.6928676038656876
-1.5224403465176009
-0.8500668372802714
1.4630567671604944
2.034496489346626
0.2598258780757429
0.6154237364451123
-0.1348915949002451
0.45882106033752945
2.4820799785430308
0.8687048574661534
-0.774658480504491
-0.471974343201912
-0.4450938675838963
0.47200523105787523
0.1184503450662772
2.3534070845060526
1.1790811097224272
-0.6510394161328965
-1.1940694566038357
0.13271304741097592
-0.12465105433405191
0.9295322749416075
0.24116115016317768
0.4142553442874839
0.5691523845245717
0.6898482155424035
-1.008556931197613
-1.9760168055599785
-1.0315584091883634
1.345548350634781
1.5331614163192535
1.694776318187197
-0.4292268513168699
0.03672581697402239
0.9167797804319765
1.8820396933265298
-0.5795540638747053
0.5516613412314372
0.4224999461808552
-3.0405705935116765
0.3579875178593431
-0.379603374222456
2.3845152774871594
-0.23022404609135783
0.4622725566424655
-0.7904032645795277
-0.23260877299970084
0.9303663193444895
-1.8211026854912333
0.8981764726701601
-1.0855710374000371
0.21024024879198117
-0.1332649595907243
-0.19157249271417048
-0.7403888506291663
-0.30121358038304763
-1.074936132898255
-1.9111490043216042
0.24337280148997165
0.945870878655596
1.9248512511641365
2.022872877765512
-0.8591261754478488
-1.4724229701637455
-2.3527569252111586
-0.5898211861820601
0.6267337909817727
-2.028637602902512
0.5039014400222324
-1.5446176308454103
0.320344849329427
0.15908612898660845
0.8427881623277974
0.610482142708212
0.8954449571731863
-1.087333867171492
-0.4806247798249547
0.8634003337979756
-0.14554558038775559
-0.27572949404573205
1.516702732246971
-0.7722307152244544
0.24130363335667615
-0.7255397125536324
-0.7393414601545878
0.9265694198387232
-1.8174425807715882
0.26732137190158467
0.0986186704551265
0.09662069027726039
0.6246687900173117
-1.2234184866901516
-0.7446802941936459
1.3031414463330437
0.4018248437538672
0.23769936308066708
0.8764216064462315
0.8552134462913235
-1.0890820545194058
0.9887273862650039
-1.3730631228654504
-0.5100322300007377
1.4893945351885705
0.4892165239425033
1.2894247071686724
1.4363120602627486
-1.5703482256523986
0.5622404434076747
1.5814055519783894
0.2058087015633813
-0.49242131234233977
-0.09902448271302673
-1.6154108684987543
-1.9532919477810267
-1.0620610198908131
-0.5956421465447113
1.4301986260258301
1.959423211063917
-1.4002279134989137
-2.1947962067036055
0.5143280447400392
-0.13361051909442861
-0.6190693574053212
-0.6373321229294558
0.3407081223039127
0.5691504570584216
0.49636607460677484
0.1647486971764768
1.1383405673999065
-0.7157002109060054
-1.599038295140808
-0.08905906844531085
-1.1870598397153842
-0.22507301759959694
0.42814422840048527
-1.2220499367483768
0.18150025808459191
1.8558227128433729
-4.073174443359329
0.5714510376890619
0.7713798533870201
0.3729488228007526
0.8386836139009555
-0.6725926492497045
1.214350059420857
-1.1798406369553767
-0.11410454050800319
0.05616916125081097
-1.05256605210874
-0.34691308886450856
-1.7562998194267314
-1.6518165316793967
0.6180145920748819
0.014868134784505058
1.734223958138737
1.2015075363890506
0.593586749674187
-1.477478847424394
0.8957416069473477
-2.5461753503799307
0.19895357215419998
-0.041494302882440805
-0.8886123553322774
-1.0507243294703879
2.5252695841441284
-0.8319284692208073
2.8116960993410696
-2.5457014789213943
1.3081419768854659
0.6011459307851957
-0.38443174451877726
-1.2326912927176192
0.560032865104044
0.7778804303314781
0.44482330209317045
-0.5973678082352509
-0.0891018885410405
3.126701053705521
-1.5901068255656419
1.1864498692295469
-0.22225700029929393
1.3208296686599996
0.030357703730823502
-1.3074439980556127
-1.6463721297578624
-1.2610131371463182
-1.9982941641426522
0.03257191635278345
0.8597084511738564
-0.6753396050481031
1.493096147701798
-1.8096077079955666
-0.2622654768928995
0.2638810958286414
0.3048447929254023
-1.039347795696501
-1.2716351775102308
-0.4125024855914982
-0.5176351944215704
0.6909498416695601
0.6020015515955284
-1.3415291487967886
-0.3498488047670909
-0.2278786731866027
-1.7078085640505156
-0.6524382039084944
-1.748457973413154
-0.34548689210579625
0.8445035329441554
0.3125981498197387
-1.2663754237363005
-2.4706872580253836
0.2208618190710986
1.0330948884375422
0.557876785720444
-2.381690962371133
1.0173411189393846
0.07198213443272905
0.8283384866835954
0.4077213808293944
-0.5310218361904205
1.7496125008915924
0.3541978525270558
0.348525040910777
-1.7464591986250546
-1.0075336881996388
1.1639829274366758
-1.1358674927675727
-1.4479691531641206
-2.058935223895231
-1.4468955789069065
0.7500731264660949
0.8385917759315028
-0.9265254717110126
0.6967180244633734
0.024550494250839026
-0.4113446781809228
-0.7502024882866007
0.13104717683547024
-0.6192960347109338
0.14334021580909087
-0.08061871228161188
-0.1258169679219362
-0.47913445021445944
0.15273399886884093
0.4368951733639685
-0.23879759423505717
-1.453841240289994
-0.1775699395794714
0.22509364749361546
2.1782335375236985
0.17867396798049673
-0.14653896263306013
-0.32417068457398235
0.2477688744684892
1.235052283398337
0.11410591801136806
-0.4805509428500424
-1.0396160358051025
-2.7315105078736197
-1.508832843976944
-1.3263216983225414
-0.6808016811388284
0.742060233664197
0.27507121971152093
2.9076850972153143
-1.5669028048679214
-1.4129161427818449
0.26232312791055773
3.4481506823587083
-0.012313157725571367
-0.8830206507267343
0.7754763933636146
1.6478521344538242
1.3056636980508172
2.2552824506928837
0.4197203174373965
0.10321442314562092
-0.9452366710704919
0.7544598270385272
-2.2509787186895047
-0.19935749660353036
-1.7278364637689163
1.5097531898739225
0.5526857519266762
-0.1758368759315619
1.564903999577213
-0.5852545766591526
0.09028397970803537
-0.6224465011634993
-0.9168644487677187
0.16234336056316284
2.16446111002082
1.0215203488373628
-1.8523875226323128
-1.944847595929997
0.7585071234489867
-0.4620004946535877
-0.5360135291800021
-1.7597880141102462
-1.6872498333391066
1.4040933341301192
-0.8051534511844092
0.27702273947912004
-2.0777115215796003
0.5173174066238971
-0.6802966440470246
-1.336035010269308
0.1024042094974743
-0.4964483436276502
0.05830703557525218
0.11057030259786522
-0.6176922896875123
-1.0754101084697936
-1.5851092543517749
1.8644929402764565
-0.20384501058607005
-0.3138128873825827
2.0980396864829594
1.2451283492345186
2.4748734365414924
-0.6750912095857255
1.422040349517402
-0.03813075559838585
-0.5654197308141423
-1.8765586542600365
0.4823590071257222
-0.5858105491908372
1.4943959430470053
-0.79877360086913
1.3088079862650486
-0.6243498529520084
0.45698404016741623
-0.014113310192908356
-1.5327884378658156
-1.312388972796072
1.1106706842759715
0.511157103404325
1.7947284374498347
-0.19953212908755869
0.46500951767664633
0.9086433323771529
1.5738982086421758
-0.3267336537088829
-1.7704520442008032
2.0608131370997342
-0.4807245957303959
-0.1682220239331271
0.6708938519143354
1.2956052223719354
-0.20028104207051142
-0.26543018856087136
-0.6519362771521563
-1.5826703640471633
-1.1595073671536755
-0.5135582255159729
-0.2700556310891891
0.6631900546182669
1.6088842773766043
0.30429010156142794
0.9020842753482242
0.9246725456774852
1.6814624342276416
-0.1791512512929602
-2.507794369083915
0.5119072990968443
0.3352461542583991
-0.8707243862215849
0.9379316617298729
-1.0161853158698013
0.5618270120645004
-0.711993332152248
1.4338560412082717
-0.24943406098739698
0.30454378823729206
1.4316709640700396
-0.21141314683781715
0.0694710689208086
0.20038238472147124
-1.462870569112671
-1.346002372903342
0.7879510983326748
2.619073355430621
-0.4899590873686078
-0.4286124925355458
-0.9491801718321697
-2.4937803858955054
1.1021062844285674
0.48980234150048607
-0.7867019436002487
1.3989889968596312
